18.665075302124023
34.757591247558594
13.132909774780273
20.836896896362305
16.407163619995117
12.939817428588867
10.775371551513672
13.770498275756836
11.675644874572754
38.872188568115234
7.329375743865967
17.48686981201172
18.665075302124023
34.757591247558594
13.132909774780273
20.836896896362305
16.407163619995117
12.939817428588867
10.775371551513672
13.770498275756836
11.018108367919922
38.461181640625
7.329375743865967
17.48686981201172
18.665075302124023
34.757591247558594
13.132909774780273
20.836896896362305
16.407163619995117
12.939817428588867
10.775371551513672
13.770498275756836
10.486713409423828
37.87080764770508
7.329375743865967
17.48686981201172
18.665075302124023
34.757591247558594
13.132909774780273
20.836896896362305
16.407163619995117
12.939817428588867
10.775371551513672
13.770498275756836
9.9641752243042
37.29027557373047
7.329375743865967
17.48686981201172
18.665075302124023
34.757591247558594
13.132909774780273
20.836896896362305
16.407163619995117
12.939817428588867
10.775371551513672
13.770498275756836
9.450345993041992
36.719417572021484
7.329375743865967
17.48686981201172
18.665075302124023
34.757591247558594
13.132909774780273
20.836896896362305
16.407163619995117
12.939817428588867
10.775371551513672
13.770498275756836
8.945080757141113
36.15807342529297
7.329375743865967
17.48686981201172
18.665075302124023
34.757591247558594
13.132909774780273
20.836896896362305
16.407163619995117
12.939817428588867
10.775371551513672
13.770498275756836
8.448236465454102
35.60608673095703
7.329375743865967
17.48686981201172
18.665075302124023
34.757591247558594
13.132909774780273
20.836896896362305
16.407163619995117
12.939817428588867
10.775371551513672
13.770498275756836
7.959672927856445
35.063297271728516
7.329375743865967
17.48686981201172
18.665075302124023
34.757591247558594
13.132909774780273
20.836896896362305
16.407163619995117
12.939817428588867
10.775371551513672
13.770498275756836
7.479251861572266
34.52955627441406
7.329375743865967
17.48686981201172
18.665075302124023
34.757591247558594
13.132909774780273
20.836896896362305
16.407163619995117
12.939817428588867
10.775371551513672
13.770498275756836
7.006837844848633
34.00471115112305
7.329375743865967
17.48686981201172
18.665075302124023
34.757591247558594
13.132909774780273
20.836896896362305
16.407163619995117
12.939817428588867
10.775371551513672
13.770498275756836
6.54229736328125
33.48861312866211
7.329375743865967
17.48686981201172
18.665075302124023
34.757591247558594
13.132909774780273
20.836896896362305
16.407163619995117
12.939817428588867
10.775371551513672
13.770498275756836
6.085499286651611
32.981117248535156
7.329375743865967
17.48686981201172
18.665075302124023
34.757591247558594
13.132909774780273
20.836896896362305
16.407163619995117
12.939817428588867
10.775371551513672
13.770498275756836
5.636314392089844
32.482078552246094
7.329375743865967
17.48686981201172
18.665075302124023
34.757591247558594
13.132909774780273
20.836896896362305
16.407163619995117
12.939817428588867
10.775371551513672
13.770498275756836
5.194615840911865
31.991357803344727
7.329375743865967
17.48686981201172
18.665075302124023
34.757591247558594
13.132909774780273
20.836896896362305
16.407163619995117
12.939817428588867
10.775371551513672
13.770498275756836
4.760279178619385
31.50881576538086
7.329375743865967
17.48686981201172
18.665075302124023
34.757591247558594
13.132909774780273
20.836896896362305
16.407163619995117
12.939817428588867
10.775371551513672
13.770498275756836
4.333181381225586
31.03431510925293
7.329375743865967
17.48686981201172
18.665075302124023
34.757591247558594
13.132909774780273
20.836896896362305
16.407163619995117
12.939817428588867
10.775371551513672
13.770498275756836
3.9132018089294434
30.56772232055664
7.329375743865967
17.48686981201172
18.665075302124023
34.757591247558594
13.132909774780273
20.836896896362305
16.407163619995117
12.939817428588867
10.775371551513672
13.770498275756836
3.5002219676971436
30.108905792236328
7.329375743865967
17.48686981201172
18.665075302124023
34.757591247558594
13.132909774780273
20.836896896362305
16.407163619995117
12.939817428588867
10.775371551513672
13.770498275756836
3.0941250324249268
29.657737731933594
7.329375743865967
17.48686981201172
18.665075302124023
34.757591247558594
13.132909774780273
20.836896896362305
16.407163619995117
12.939817428588867
10.775371551513672
13.770498275756836
2.694796323776245
29.214088439941406
7.329375743865967
17.48686981201172
18.665075302124023
34.757591247558594
13.132909774780273
20.836896896362305
16.407163619995117
12.939817428588867
10.775371551513672
13.770498275756836
2.3021230697631836
28.777833938598633
7.329375743865967
17.48686981201172
18.665075302124023
34.757591247558594
13.132909774780273
20.836896896362305
16.407163619995117
12.939817428588867
10.775371551513672
13.770498275756836
1.91599440574646
28.34885025024414
7.329375743865967
17.48686981201172
18.665075302124023
34.757591247558594
13.132909774780273
20.836896896362305
16.407163619995117
12.939817428588867
10.775371551513672
13.770498275756836
1.5363012552261353
27.92701530456543
7.329375743865967
17.48686981201172
18.665075302124023
34.757591247558594
13.132909774780273
20.836896896362305
16.407163619995117
12.939817428588867
10.775371551513672
13.770498275756836
1.1629363298416138
27.512210845947266
7.329375743865967
17.48686981201172
18.665075302124023
34.757591247558594
13.132909774780273
20.836896896362305
16.407163619995117
12.939817428588867
10.775371551513672
13.770498275756836
1.1044466495513916
27.133377075195312
7.329375743865967
17.48686981201172
18.665075302124023
34.757591247558594
13.132909774780273
20.836896896362305
16.407163619995117
12.939817428588867
10.775371551513672
13.770498275756836
1.2849582433700562
26.784942626953125
7.329375743865967
17.48686981201172
18.665075302124023
34.757591247558594
13.132909774780273
20.836896896362305
16.407163619995117
12.939817428588867
10.775371551513672
13.770498275756836
1.4624613523483276
26.44231605529785
7.329375743865967
17.48686981201172
18.665075302124023
34.757591247558594
13.132909774780273
20.836896896362305
16.407163619995117
12.939817428588867
10.775371551513672
13.770498275756836
1.6370060443878174
26.10540008544922
7.329375743865967
17.48686981201172
18.665075302124023
34.757591247558594
13.132909774780273
20.836896896362305
16.407163619995117
12.939817428588867
10.775371551513672
13.770498275756836
1.8086416721343994
25.774099349975586
7.329375743865967
17.48686981201172
18.665075302124023
34.757591247558594
13.132909774780273
20.836896896362305
16.407163619995117
12.939817428588867
10.775371551513672
13.770498275756836
1.977416753768921
25.448320388793945
7.329375743865967
17.48686981201172
18.665075302124023
34.757591247558594
13.132909774780273
20.836896896362305
16.407163619995117
12.939817428588867
10.775371551513672
13.770498275756836
2.143378973007202
25.127971649169922
7.329375743865967
17.48686981201172
18.665075302124023
34.757591247558594
13.132909774780273
20.836896896362305
16.407163619995117
12.939817428588867
10.775371551513672
13.770498275756836
2.306575059890747
24.81296157836914
7.329375743865967
17.48686981201172
18.665075302124023
34.757591247558594
13.132909774780273
20.836896896362305
16.407163619995117
12.939817428588867
10.775371551513672
13.770498275756836
2.4670512676239014
24.50320053100586
7.329375743865967
17.48686981201172
18.665075302124023
34.757591247558594
13.132909774780273
20.836896896362305
16.407163619995117
12.939817428588867
10.775371551513672
13.770498275756836
2.6248528957366943
24.1986026763916
7.329375743865967
17.48686981201172
18.665075302124023
34.757591247558594
13.132909774780273
20.836896896362305
16.407163619995117
12.939817428588867
10.775371551513672
13.770498275756836
2.780024528503418
23.89908218383789
7.329375743865967
17.48686981201172
18.665075302124023
34.757591247558594
13.132909774780273
20.836896896362305
16.407163619995117
12.939817428588867
10.775371551513672
13.770498275756836
2.932609796524048
23.60455322265625
7.329375743865967
17.48686981201172
18.665075302124023
34.757591247558594
13.132909774780273
20.836896896362305
16.407163619995117
12.939817428588867
10.775371551513672
13.770498275756836
3.0826520919799805
23.31493377685547
7.329375743865967
17.48686981201172
18.665075302124023
34.757591247558594
13.132909774780273
20.836896896362305
16.407163619995117
12.939817428588867
10.775371551513672
13.770498275756836
3.230193614959717
23.030139923095703
7.329375743865967
17.48686981201172
18.665075302124023
34.757591247558594
13.132909774780273
20.836896896362305
16.407163619995117
12.939817428588867
10.775371551513672
13.770498275756836
3.3752760887145996
22.750093460083008
7.329375743865967
17.48686981201172
18.665075302124023
34.757591247558594
13.132909774780273
20.836896896362305
16.407163619995117
12.939817428588867
10.775371551513672
13.770498275756836
3.5179405212402344
22.474714279174805
7.329375743865967
17.48686981201172
18.665075302124023
34.757591247558594
13.132909774780273
20.836896896362305
16.407163619995117
12.939817428588867
10.775371551513672
13.770498275756836
3.6582272052764893
22.20392417907715
7.329375743865967
17.48686981201172
18.665075302124023
34.757591247558594
13.132909774780273
20.836896896362305
16.407163619995117
12.939817428588867
10.775371551513672
13.770498275756836
3.796175956726074
21.93764877319336
7.329375743865967
17.48686981201172
18.665075302124023
34.757591247558594
13.132909774780273
20.836896896362305
16.407163619995117
12.939817428588867
10.775371551513672
13.770498275756836
3.9318253993988037
21.675809860229492
7.329375743865967
17.48686981201172
18.665075302124023
34.757591247558594
13.132909774780273
20.836896896362305
16.407163619995117
12.939817428588867
10.775371551513672
13.770498275756836
4.065214157104492
21.4183349609375
7.329375743865967
17.48686981201172
18.665075302124023
34.757591247558594
13.132909774780273
20.836896896362305
16.407163619995117
12.939817428588867
10.775371551513672
13.770498275756836
4.196379661560059
21.165151596069336
7.329375743865967
17.48686981201172
18.665075302124023
34.757591247558594
13.132909774780273
20.836896896362305
16.407163619995117
12.939817428588867
10.775371551513672
13.770498275756836
4.325359344482422
20.916187286376953
7.329375743865967
17.48686981201172
18.665075302124023
34.757591247558594
13.132909774780273
20.836896896362305
16.407163619995117
12.939817428588867
10.775371551513672
13.770498275756836
4.452188968658447
20.67137336730957
7.329375743865967
17.48686981201172
18.665075302124023
34.757591247558594
13.132909774780273
20.836896896362305
16.407163619995117
12.939817428588867
10.775371551513672
13.770498275756836
4.576904773712158
20.430639266967773
7.329375743865967
17.48686981201172
18.665075302124023
34.757591247558594
13.132909774780273
20.836896896362305
16.407163619995117
12.939817428588867
10.775371551513672
13.770498275756836
4.699542045593262
20.193918228149414
7.329375743865967
17.48686981201172
18.665075302124023
34.757591247558594
13.132909774780273
20.836896896362305
16.407163619995117
12.939817428588867
10.775371551513672
13.770498275756836
4.820135593414307
19.96114158630371
7.329375743865967
17.48686981201172
18.665075302124023
34.757591247558594
13.132909774780273
20.836896896362305
16.407163619995117
12.939817428588867
10.775371551513672
13.770498275756836
4.938719272613525
19.73224449157715
7.329375743865967
17.48686981201172
18.665075302124023
34.757591247558594
13.132909774780273
20.836896896362305
16.407163619995117
12.939817428588867
10.775371551513672
13.770498275756836
5.055326461791992
19.50716209411621
7.329375743865967
17.48686981201172
18.665075302124023
34.757591247558594
13.132909774780273
20.836896896362305
16.407163619995117
12.939817428588867
10.775371551513672
13.770498275756836
5.169990062713623
19.285831451416016
7.329375743865967
17.48686981201172
18.665075302124023
34.757591247558594
13.132909774780273
20.836896896362305
16.407163619995117
12.939817428588867
10.775371551513672
13.770498275756836
5.282742500305176
19.06818962097168
7.329375743865967
17.48686981201172
18.665075302124023
34.757591247558594
13.132909774780273
20.836896896362305
16.407163619995117
12.939817428588867
10.775371551513672
13.770498275756836
5.39361572265625
18.854175567626953
7.329375743865967
17.48686981201172
18.665075302124023
34.757591247558594
13.132909774780273
20.836896896362305
16.407163619995117
12.939817428588867
10.775371551513672
13.770498275756836
5.502641201019287
18.643728256225586
7.329375743865967
17.48686981201172
18.665075302124023
34.757591247558594
13.132909774780273
20.836896896362305
16.407163619995117
12.939817428588867
10.775371551513672
13.770498275756836
5.594239711761475
18.450572967529297
7.344985485076904
17.473085403442383
18.665075302124023
34.757591247558594
13.132909774780273
20.836896896362305
16.407163619995117
12.939817428588867
10.775371551513672
13.770498275756836
5.5943379402160645
18.352933883666992
7.450308799743652
17.367233276367188
18.665075302124023
34.757591247558594
13.132909774780273
20.836896896362305
16.407163619995117
12.939817428588867
10.775371551513672
13.770498275756836
5.59443473815918
18.256921768188477
7.5538763999938965
17.263145446777344
18.665075302124023
34.757591247558594
13.132909774780273
20.836896896362305
16.407163619995117
12.939817428588867
10.775371551513672
13.770498275756836
5.59453010559082
18.16250991821289
7.6557183265686035
17.16079330444336
18.665075302124023
34.757591247558594
13.132909774780273
20.836896896362305
16.407163619995117
12.939817428588867
10.775371551513672
13.770498275756836
5.594623565673828
18.069671630859375
7.755862712860107
17.06014633178711
18.665075302124023
34.757591247558594
13.132909774780273
20.836896896362305
16.407163619995117
12.939817428588867
10.775371551513672
13.770498275756836
5.594715595245361
17.97838020324707
7.8543381690979
16.961177825927734
18.665075302124023
34.757591247558594
13.132909774780273
20.836896896362305
16.407163619995117
12.939817428588867
10.775371551513672
13.770498275756836
5.59480619430542
17.88861083984375
7.951172351837158
16.86385726928711
18.665075302124023
34.757591247558594
13.132909774780273
20.836896896362305
16.407163619995117
12.939817428588867
10.775371551513672
13.770498275756836
5.594895362854004
17.800336837768555
8.046392440795898
16.768159866333008
18.665075302124023
34.757591247558594
13.132909774780273
20.836896896362305
16.407163619995117
12.939817428588867
10.775371551513672
13.770498275756836
5.594982624053955
17.71353530883789
8.14002513885498
16.674057006835938
18.665075302124023
34.757591247558594
13.132909774780273
20.836896896362305
16.407163619995117
12.939817428588867
10.775371551513672
13.770498275756836
5.595068454742432
17.6281795501709
8.232097625732422
16.58152198791504
18.665075302124023
34.757591247558594
13.132909774780273
20.836896896362305
16.407163619995117
12.939817428588867
10.775371551513672
13.770498275756836
5.595152854919434
17.544246673583984
8.322635650634766
16.490530014038086
18.665075302124023
34.757591247558594
13.132909774780273
20.836896896362305
16.407163619995117
12.939817428588867
10.775371551513672
13.770498275756836
5.595235824584961
17.461711883544922
8.411664962768555
16.40105438232422
18.665075302124023
34.757591247558594
13.132909774780273
20.836896896362305
16.407163619995117
12.939817428588867
10.775371551513672
13.770498275756836
5.595317840576172
17.38055419921875
8.499210357666016
16.31307029724121
18.665075302124023
34.757591247558594
13.132909774780273
20.836896896362305
16.407163619995117
12.939817428588867
10.775371551513672
13.770498275756836
5.595398426055908
17.300748825073242
8.585296630859375
16.226552963256836
18.665075302124023
34.757591247558594
13.132909774780273
20.836896896362305
16.407163619995117
12.939817428588867
10.775371551513672
13.770498275756836
5.59547758102417
17.222272872924805
8.669947624206543
16.141477584838867
18.665075302124023
34.757591247558594
13.132909774780273
20.836896896362305
16.407163619995117
12.939817428588867
10.775371551513672
13.770498275756836
5.595555305480957
17.145105361938477
8.753188133239746
16.057819366455078
18.665075302124023
34.757591247558594
13.132909774780273
20.836896896362305
16.407163619995117
12.939817428588867
10.775371551513672
13.770498275756836
5.5956315994262695
17.069223403930664
8.835041046142578
15.975555419921875
18.665075302124023
34.757591247558594
13.132909774780273
20.836896896362305
16.407163619995117
12.939817428588867
10.775371551513672
13.770498275756836
5.595706939697266
16.994606018066406
8.91553020477295
15.894662857055664
18.665075302124023
34.757591247558594
13.132909774780273
20.836896896362305
16.407163619995117
12.939817428588867
10.775371551513672
13.770498275756836
5.595780849456787
16.921232223510742
8.994677543640137
15.815117835998535
18.665075302124023
34.757591247558594
13.132909774780273
20.836896896362305
16.407163619995117
12.939817428588867
10.775371551513672
13.770498275756836
5.595853805541992
16.84908103942871
9.072505950927734
15.736899375915527
18.665075302124023
34.757591247558594
13.132909774780273
20.836896896362305
16.407163619995117
12.939817428588867
10.775371551513672
13.770498275756836
5.595925331115723
16.778133392333984
9.14903736114502
15.659984588623047
18.665075302124023
34.757591247558594
13.132909774780273
20.836896896362305
16.407163619995117
12.939817428588867
10.775371551513672
13.770498275756836
5.5959954261779785
16.7083683013916
9.224292755126953
15.584351539611816
18.665075302124023
34.757591247558594
13.132909774780273
20.836896896362305
16.407163619995117
12.939817428588867
10.775371551513672
13.770498275756836
5.596064567565918
16.6397647857666
9.298294067382812
15.509979248046875
18.665075302124023
34.757591247558594
13.132909774780273
20.836896896362305
16.407163619995117
12.939817428588867
10.775371551513672
13.770498275756836
5.596132755279541
16.57230567932129
9.371062278747559
15.436845779418945
18.665075302124023
34.757591247558594
13.132909774780273
20.836896896362305
16.407163619995117
12.939817428588867
10.775371551513672
13.770498275756836
5.5961995124816895
16.505970001220703
9.442617416381836
15.364931106567383
18.665075302124023
34.757591247558594
13.132909774780273
20.836896896362305
16.407163619995117
12.939817428588867
10.781732559204102
13.763561248779297
5.5962653160095215
16.44074058532715
9.506619453430176
15.301152229309082
18.665075302124023
34.757591247558594
13.132909774780273
20.836896896362305
16.407163619995117
12.939817428588867
10.83410930633545
13.711810111999512
5.596330165863037
16.376598358154297
9.523432731628418
15.283366203308105
18.665075302124023
34.757591247558594
13.132909774780273
20.836896896362305
16.407163619995117
12.939817428588867
10.885613441467285
13.660921096801758
5.596393585205078
16.313526153564453
9.539965629577637
15.265876770019531
18.665075302124023
34.757591247558594
13.132909774780273
20.836896896362305
16.407163619995117
12.939817428588867
10.936259269714355
13.610880851745605
5.596456050872803
16.25150489807129
9.556222915649414
15.248679161071777
18.665075302124023
34.757591247558594
13.132909774780273
20.836896896362305
16.407163619995117
12.939817428588867
10.986061096191406
13.561674118041992
5.596517562866211
16.19051742553711
9.572209358215332
15.231767654418945
18.665075302124023
34.757591247558594
13.132909774780273
20.836896896362305
16.407163619995117
12.939817428588867
11.035032272338867
13.513287544250488
5.596578121185303
16.13054656982422
9.587928771972656
15.21513843536377
18.665075302124023
34.757591247558594
13.132909774780273
20.836896896362305
16.407163619995117
12.939817428588867
11.0831880569458
13.465707778930664
5.596637725830078
16.071575164794922
9.603386878967285
15.198785781860352
18.665075302124023
34.757591247558594
13.132909774780273
20.836896896362305
16.407163619995117
12.939817428588867
11.13054084777832
13.418920516967773
5.596696376800537
16.013586044311523
9.618587493896484
15.182705879211426
18.665075302124023
34.757591247558594
13.132909774780273
20.836896896362305
16.407163619995117
12.939817428588867
11.177103996276855
13.372913360595703
5.59675407409668
15.956562995910645
9.63353443145752
15.16689395904541
18.665075302124023
34.757591247558594
13.132909774780273
20.836896896362305
16.407163619995117
12.939817428588867
11.222891807556152
13.327672958374023
5.596810817718506
15.900490760803223
9.648232460021973
15.151345252990723
18.665075302124023
34.757591247558594
13.132909774780273
20.836896896362305
16.407163619995117
12.939817428588867
11.267916679382324
13.283186912536621
5.596866607666016
15.845353126525879
9.66268539428711
15.136055946350098
18.665075302124023
34.757591247558594
13.132909774780273
20.836896896362305
16.407163619995117
12.939817428588867
11.312191009521484
13.239441871643066
5.596921443939209
15.791133880615234
9.676897048950195
15.121021270751953
18.665075302124023
34.757591247558594
13.132909774780273
20.836896896362305
16.407163619995117
12.939817428588867
11.355727195739746
13.196426391601562
5.596975326538086
15.737818717956543
9.690872192382812
15.106237411499023
18.665075302124023
34.757591247558594
13.132909774780273
20.836896896362305
16.407163619995117
12.939817428588867
11.398537635803223
13.15412712097168
5.5970282554626465
15.685392379760742
9.704614639282227
15.091699600219727
18.665075302124023
34.757591247558594
13.132909774780273
20.836896896362305
16.407163619995117
12.939817428588867
11.440634727478027
13.112533569335938
5.597080230712891
15.63383960723877
9.718127250671387
15.077404022216797
18.665075302124023
34.757591247558594
13.132909774780273
20.836896896362305
16.407163619995117
12.939817428588867
11.482029914855957
13.071633338928223
5.597131252288818
15.583146095275879
9.731414794921875
15.063346862792969
18.665075302124023
34.757591247558594
13.132909774780273
20.836896896362305
16.407163619995117
12.939817428588867
11.522735595703125
13.031414031982422
5.59718132019043
15.533297538757324
9.744481086730957
15.049524307250977
18.665075302124023
34.757591247558594
13.132909774780273
20.836896896362305
16.407163619995117
12.939817428588867
11.562762260437012
12.991865158081055
5.597230911254883
15.48427963256836
9.757329940795898
15.035932540893555
18.665075302124023
34.757591247558594
13.132909774780273
20.836896896362305
16.407163619995117
12.939817428588867
11.60212230682373
12.952975273132324
5.5972795486450195
15.436079025268555
9.769964218139648
15.022566795349121
18.665075302124023
34.757591247558594
13.132909774780273
20.836896896362305
16.407163619995117
12.939817428588867
11.640826225280762
12.91473388671875
5.59732723236084
15.388681411743164
9.782387733459473
15.009424209594727
18.665075302124023
34.757591247558594
13.132909774780273
20.836896896362305
16.407163619995117
12.939817428588867
11.678885459899902
12.877129554748535
5.597374439239502
15.342073440551758
9.794604301452637
14.996500015258789
18.665075302124023
34.757591247558594
13.132909774780273
20.836896896362305
16.407163619995117
12.939817428588867
11.716309547424316
12.8401517868042
5.597420692443848
15.296242713928223
9.806617736816406
14.98379135131836
18.665075302124023
34.757591247558594
13.132909774780273
20.836896896362305
16.407163619995117
12.939817428588867
11.7531099319458
12.803791046142578
5.597465991973877
15.251175880432129
9.81843090057373
14.971294403076172
18.665075302124023
34.757591247558594
13.132909774780273
20.836896896362305
16.407163619995117
12.939817428588867
11.789297103881836
12.768035888671875
5.597510814666748
15.206859588623047
9.830046653747559
14.959006309509277
18.665075302124023
34.757591247558594
13.132909774780273
20.836896896362305
16.407163619995117
12.939817428588867
11.824881553649902
12.732876777648926
5.597554683685303
15.16328239440918
9.841468811035156
14.946922302246094
18.665075302124023
34.757591247558594
13.132909774780273
20.836896896362305
16.407163619995117
12.939817428588867
11.859872817993164
12.69830322265625
5.597598075866699
15.120430946350098
9.852701187133789
14.935040473937988
18.665075302124023
34.757591247558594
13.132909774780273
20.836896896362305
16.407163619995117
12.939817428588867
11.894280433654785
12.664306640625
5.597640514373779
15.078293800354004
9.86374568939209
14.923356056213379
18.665075302124023
34.757591247558594
13.132909774780273
20.836896896362305
16.407163619995117
12.939817428588867
11.928114891052246
12.630876541137695
5.597682476043701
15.036859512329102
9.874606132507324
14.911866188049316
18.665075302124023
34.757591247558594
13.132909774780273
20.836896896362305
16.407163619995117
12.939817428588867
11.961385726928711
12.598003387451172
5.597723484039307
14.996115684509277
9.885286331176758
14.900568008422852
18.665075302124023
34.757591247558594
13.132909774780273
20.836896896362305
16.407163619995117
12.939817428588867
11.994101524353027
12.565678596496582
5.597764015197754
14.956050872802734
9.895788192749023
14.889458656311035
18.665075302124023
34.757591247558594
13.132909774780273
20.836896896362305
16.407163619995117
12.939817428588867
12.026272773742676
12.533891677856445
5.597803592681885
14.916653633117676
9.90611457824707
14.878534317016602
18.665075302124023
34.757591247558594
13.132909774780273
20.836896896362305
16.407163619995117
12.939817428588867
12.057907104492188
12.50263500213623
5.597842693328857
14.877913475036621
9.916269302368164
14.867792129516602
18.665075302124023
34.757591247558594
13.132909774780273
20.836896896362305
16.407163619995117
12.939817428588867
12.089015007019043
12.471899032592773
5.597881317138672
14.839818954467773
9.926254272460938
14.857229232788086
18.665075302124023
34.757591247558594
13.132909774780273
20.836896896362305
16.407163619995117
12.939817428588867
12.119604110717773
12.441675186157227
5.59791898727417
14.802358627319336
9.936073303222656
14.846841812133789
18.665075302124023
34.757591247558594
13.132909774780273
20.836896896362305
16.407163619995117
12.939817428588867
12.149682998657227
12.411955833435059
5.59795618057251
14.765522956848145
9.945728302001953
14.836627960205078
18.665075302124023
34.757591247558594
13.132909774780273
20.836896896362305
16.407163619995117
12.939817428588867
12.179261207580566
12.382731437683105
5.597992897033691
14.729301452636719
9.955223083496094
14.826583862304688
18.665075302124023
34.757591247558594
13.132909774780273
20.836896896362305
16.407163619995117
12.939817428588867
12.208346366882324
12.353994369506836
5.598028659820557
14.693683624267578
9.964559555053711
14.816707611083984
18.665075302124023
34.757591247558594
13.132909774780273
20.836896896362305
16.407163619995117
12.939817428588867
12.236946105957031
12.325736045837402
5.598063945770264
14.658658981323242
9.973740577697754
14.806995391845703
18.665075302124023
34.757591247558594
13.132909774780273
20.836896896362305
16.407163619995117
12.939817428588867
12.265069961547852
12.297948837280273
5.5980987548828125
14.624217987060547
9.982768058776855
14.797445297241211
18.665075302124023
34.757591247558594
13.132909774780273
20.836896896362305
16.407163619995117
12.939817428588867
12.292724609375
12.270624160766602
5.598133087158203
14.590351104736328
9.991644859313965
14.788054466247559
18.665075302124023
34.757591247558594
13.132909774780273
20.836896896362305
16.407163619995117
12.939817428588867
12.319918632507324
12.243755340576172
5.598166465759277
14.557048797607422
10.000373840332031
14.778820037841797
18.665075302124023
34.757591247558594
13.132909774780273
20.836896896362305
16.407163619995117
12.939817428588867
12.346659660339355
12.217333793640137
5.598199367523193
14.524301528930664
10.008957862854004
14.769739151000977
18.665075302124023
34.757591247558594
13.132909774780273
20.836896896362305
16.407163619995117
12.939817428588867
12.372954368591309
12.191352844238281
5.598231792449951
14.49209976196289
10.017398834228516
14.760809898376465
18.665075302124023
34.757591247558594
13.132909774780273
20.836896896362305
16.407163619995117
12.939817428588867
12.398811340332031
12.165804862976074
5.598263740539551
14.460434913635254
10.0256986618042
14.752029418945312
18.665075302124023
34.757591247558594
13.132909774780273
20.836896896362305
16.407163619995117
12.939817428588867
12.424237251281738
12.1406831741333
5.598295211791992
14.429298400878906
10.033860206604004
14.743395805358887
18.665075302124023
34.757591247558594
13.132909774780273
20.836896896362305
16.407163619995117
12.939817428588867
12.449239730834961
12.11598014831543
5.598326206207275
14.398680686950684
10.041885375976562
14.734906196594238
18.665075302124023
34.757591247558594
13.132909774780273
20.836896896362305
16.407163619995117
12.939817428588867
12.473825454711914
12.091689109802246
5.5983567237854
14.368573188781738
10.049777030944824
14.726557731628418
18.665075302124023
34.757591247558594
13.132909774780273
20.836896896362305
16.407163619995117
12.939817428588867
12.498001098632812
12.067802429199219
5.598386764526367
14.338967323303223
10.057537078857422
14.718348503112793
18.665075302124023
34.757591247558594
13.132909774780273
20.836896896362305
16.407163619995117
12.939817428588867
12.521773338317871
12.044313430786133
5.598416328430176
14.309854507446289
10.065168380737305
14.710275650024414
18.665075302124023
34.757591247558594
13.132909774780273
20.836896896362305
16.407163619995117
12.939817428588867
12.545149803161621
12.02121639251709
5.598445415496826
14.281227111816406
10.072671890258789
14.702337265014648
18.665075302124023
34.757591247558594
13.132909774780273
20.836896896362305
16.407163619995117
12.939817428588867
12.568136215209961
11.998504638671875
5.598474025726318
14.253076553344727
10.080050468444824
14.694531440734863
18.665075302124023
34.757591247558594
13.132909774780273
20.836896896362305
16.407163619995117
12.939817428588867
12.590740203857422
11.976171493530273
5.598502159118652
14.225395202636719
10.087306022644043
14.68685531616211
18.665075302124023
34.757591247558594
13.132909774780273
20.836896896362305
16.407163619995117
12.939817428588867
12.612967491149902
11.95421028137207
5.598529815673828
14.198175430297852
10.094440460205078
14.67930793762207
18.665075302124023
34.757591247558594
13.132909774780273
20.836896896362305
16.407163619995117
12.939817428588867
12.6348237991333
11.932615280151367
5.598556995391846
14.171409606933594
10.101456642150879
14.671886444091797
18.665075302124023
34.757591247558594
13.132909774780273
20.836896896362305
16.407163619995117
12.939817428588867
12.656315803527832
11.91137981414795
5.598583698272705
14.145090103149414
10.108355522155762
14.66458797454834
18.665075302124023
34.757591247558594
13.132909774780273
20.836896896362305
16.407163619995117
12.939817428588867
12.677450180053711
11.890498161315918
5.598609924316406
14.119209289550781
10.115139961242676
14.657411575317383
18.665075302124023
34.757591247558594
13.132909774780273
20.836896896362305
16.407163619995117
12.939817428588867
12.69823169708252
11.869964599609375
5.598635673522949
14.093759536743164
10.121810913085938
14.650354385375977
18.665075302124023
34.757591247558594
13.132909774780273
20.836896896362305
16.407163619995117
12.939817428588867
12.718667030334473
11.849773406982422
5.598660945892334
14.068734169006348
10.12837028503418
14.643415451049805
18.665075302124023
34.757591247558594
13.132909774780273
20.836896896362305
16.407163619995117
12.939817428588867
12.738761901855469
11.82991886138916
5.5986857414245605
14.0441255569458
10.134820938110352
14.636591911315918
18.665075302124023
34.757591247558594
13.132909774780273
20.836896896362305
16.407163619995117
12.939817428588867
12.758522033691406
11.810395240783691
5.598710060119629
14.019927024841309
10.14116382598877
14.629881858825684
18.665075302124023
34.757591247558594
13.132909774780273
20.836896896362305
16.407163619995117
12.939817428588867
12.777952194213867
11.791196823120117
5.598733901977539
13.996131896972656
10.147400856018066
14.623283386230469
18.665075302124023
34.757591247558594
13.132909774780273
20.836896896362305
16.407163619995117
12.939817428588867
12.797059059143066
11.772318840026855
5.598757266998291
13.972733497619629
10.153533935546875
14.616795539855957
18.665075302124023
34.757591247558594
13.132909774780273
20.836896896362305
16.407163619995117
12.939817428588867
12.815847396850586
11.753754615783691
5.598780632019043
13.949725151062012
10.159564971923828
14.6104154586792
18.665075302124023
34.757591247558594
13.132909774780273
20.836896896362305
16.407163619995117
12.939817428588867
12.834322929382324
11.73550033569336
5.598803520202637
13.92710018157959
10.165495872497559
14.604142189025879
18.665075302124023
34.757591247558594
13.132909774780273
20.836896896362305
16.407163619995117
12.939817428588867
12.852490425109863
11.717550277709961
5.598825931549072
13.904851913452148
10.171327590942383
14.597972869873047
18.665075302124023
34.757591247558594
13.132909774780273
20.836896896362305
16.407163619995117
12.939817428588867
12.870354652404785
11.699899673461914
5.59884786605835
13.882974624633789
10.177062034606934
14.591906547546387
18.665075302124023
34.757591247558594
13.132909774780273
20.836896896362305
16.407163619995117
12.939817428588867
12.887921333312988
11.68254280090332
5.598869323730469
13.861461639404297
10.182701110839844
14.585941314697266
18.665075302124023
34.757591247558594
13.132909774780273
20.836896896362305
16.407163619995117
12.939817428588867
12.905195236206055
11.665474891662598
5.598890781402588
13.840307235717773
10.18824577331543
14.58007526397705
18.665075302124023
34.757591247558594
13.132909774780273
20.836896896362305
16.407163619995117
12.939817428588867
12.922181129455566
11.64869213104248
5.598911762237549
13.81950569152832
10.193697929382324
14.574307441711426
18.665075302124023
34.757591247558594
13.132909774780273
20.836896896362305
16.407163619995117
12.939817428588867
12.938883781433105
11.63218879699707
5.598932266235352
13.799051284790039
10.19905948638916
14.568635940551758
18.665075302124023
34.757591247558594
13.132909774780273
20.836896896362305
16.407163619995117
12.939817428588867
12.955307960510254
11.615960121154785
5.598952770233154
13.778937339782715
10.204331398010254
14.563058853149414
18.665075302124023
34.757591247558594
13.132909774780273
20.836896896362305
16.407163619995117
12.939817428588867
12.971458435058594
11.60000228881836
5.598972797393799
13.759159088134766
10.209515571594238
14.557574272155762
18.665075302124023
34.757591247558594
13.132909774780273
20.836896896362305
16.407163619995117
12.939817428588867
12.987339973449707
11.584310531616211
5.598992347717285
13.739709854125977
10.214613914489746
14.552181243896484
18.665075302124023
34.757591247558594
13.132909774780273
20.836896896362305
16.407163619995117
12.939817428588867
13.002957344055176
11.568880081176758
5.599011421203613
13.720584869384766
10.219627380371094
14.54687786102295
18.665075302124023
34.757591247558594
13.132909774780273
20.836896896362305
16.407163619995117
12.939817428588867
13.018314361572266
11.553707122802734
5.599030494689941
13.701778411865234
10.224556922912598
14.54166316986084
18.665075302124023
34.757591247558594
13.132909774780273
20.836896896362305
16.407163619995117
12.939817428588867
13.033414840698242
11.538786888122559
5.599049091339111
13.6832857131958
10.22940444946289
14.536535263061523
18.665075302124023
34.757591247558594
13.132909774780273
20.836896896362305
16.407163619995117
12.939817428588867
13.048263549804688
11.524115562438965
5.599067211151123
13.665101051330566
10.234170913696289
14.531493186950684
18.665075302124023
34.757591247558594
13.132909774780273
20.836896896362305
16.407163619995117
12.939817428588867
13.062865257263184
11.509688377380371
5.599085330963135
13.64721965789795
10.238858222961426
14.526535034179688
18.665075302124023
34.757591247558594
13.132909774780273
20.836896896362305
16.407163619995117
12.939817428588867
13.077223777770996
11.495501518249512
5.599102973937988
13.62963581085205
10.243467330932617
14.521658897399902
18.665075302124023
34.757591247558594
13.132909774780273
20.836896896362305
16.407163619995117
12.939817428588867
13.09134292602539
11.481551170349121
5.599120616912842
13.612345695495605
10.24799919128418
14.516864776611328
18.665075302124023
34.757591247558594
13.132909774780273
20.836896896362305
16.407163619995117
12.939817428588867
13.105226516723633
11.467833518981934
5.599137783050537
13.595343589782715
10.252455711364746
14.512149810791016
18.665075302124023
34.757591247558594
13.132909774780273
20.836896896362305
16.407163619995117
12.939817428588867
13.118878364562988
11.454344749450684
5.599154472351074
13.578624725341797
10.256837844848633
14.507513999938965
18.665075302124023
34.757591247558594
13.132909774780273
20.836896896362305
16.407163619995117
12.939817428588867
13.132303237915039
11.441080093383789
5.599171161651611
13.56218433380127
10.261147499084473
14.502955436706543
18.665075302124023
34.757591247558594
13.132909774780273
20.836896896362305
16.407163619995117
12.939817428588867
13.145503997802734
11.4280366897583
5.59918737411499
13.546018600463867
10.265384674072266
14.498473167419434
18.665075302124023
34.757591247558594
13.132909774780273
20.836896896362305
16.407163619995117
12.939817428588867
13.15848445892334
11.415210723876953
5.599203586578369
13.530121803283691
10.269551277160645
14.494065284729004
18.665075302124023
34.757591247558594
13.132909774780273
20.836896896362305
16.407163619995117
12.939817428588867
13.171249389648438
11.40259838104248
5.59921932220459
13.514490127563477
10.273648262023926
14.489730834960938
18.665075302124023
34.757591247558594
13.132909774780273
20.836896896362305
16.407163619995117
12.939817428588867
13.183801651000977
11.390196800231934
5.599234580993652
13.49911880493164
10.277677536010742
14.485468864440918
18.665075302124023
34.757591247558594
13.132909774780273
20.836896896362305
16.407163619995117
12.939817428588867
13.196144104003906
11.37800121307373
5.599249839782715
13.484004020690918
10.281639099121094
14.481277465820312
18.665075302124023
34.757591247558594
13.132909774780273
20.836896896362305
16.407163619995117
12.939817428588867
13.208280563354492
11.366009712219238
5.599264621734619
13.469141006469727
10.285534858703613
14.477155685424805
18.665075302124023
34.757591247558594
13.132909774780273
20.836896896362305
16.407163619995117
12.939817428588867
13.22021484375
11.354217529296875
5.599279403686523
13.4545259475708
10.289365768432617
14.473102569580078
18.665075302124023
34.757591247558594
13.132909774780273
20.836896896362305
16.407163619995117
12.939817428588867
13.231950759887695
11.342621803283691
5.5992937088012695
13.440154075622559
10.293132781982422
14.469117164611816
18.665075302124023
34.757591247558594
13.132909774780273
20.836896896362305
16.407163619995117
12.939817428588867
13.243491172790527
11.331219673156738
5.599308013916016
13.426021575927734
10.296836853027344
14.465198516845703
18.665075302124023
34.757591247558594
13.132909774780273
20.836896896362305
16.407163619995117
12.939817428588867
13.254838943481445
11.32000732421875
5.5993218421936035
13.412124633789062
10.300479888916016
14.461344718933105
18.665075302124023
34.757591247558594
13.132909774780273
20.836896896362305
16.407163619995117
12.939817428588867
13.265997886657715
11.308981895446777
5.599335670471191
13.398459434509277
10.304061889648438
14.457555770874023
18.665075302124023
34.757591247558594
13.132909774780273
20.836896896362305
16.407163619995117
12.939817428588867
13.276970863342285
11.298140525817871
5.599349021911621
13.385022163391113
10.307583808898926
14.453829765319824
18.665075302124023
34.757591247558594
13.132909774780273
20.836896896362305
16.407163619995117
12.939817428588867
13.287760734558105
11.287479400634766
5.599362373352051
13.371809005737305
10.311047554016113
14.450165748596191
18.665075302124023
34.757591247558594
13.132909774780273
20.836896896362305
16.407163619995117
12.939817428588867
13.298370361328125
11.276996612548828
5.599375247955322
13.358816146850586
10.314453125
14.446562767028809
18.665075302124023
34.757591247558594
13.132909774780273
20.836896896362305
16.407163619995117
12.939817428588867
13.30880355834961
11.266688346862793
5.599388122558594
13.346039772033691
10.317802429199219
14.44301986694336
18.665075302124023
34.757591247558594
13.132909774780273
20.836896896362305
16.407163619995117
12.939817428588867
13.319063186645508
11.256551742553711
5.599400997161865
13.333476066589355
10.32109546661377
14.439536094665527
18.665075302124023
34.757591247558594
13.132909774780273
20.836896896362305
16.407163619995117
12.939817428588867
13.329151153564453
11.246583938598633
5.5994133949279785
13.321122169494629
10.324334144592285
14.436110496520996
18.665075302124023
34.757591247558594
13.132909774780273
20.836896896362305
16.407163619995117
12.939817428588867
13.339071273803711
11.23678207397461
5.599425792694092
13.30897331237793
10.327518463134766
14.43274211883545
18.665075302124023
34.757591247558594
13.132909774780273
20.836896896362305
16.407163619995117
12.939817428588867
13.34882640838623
11.227144241333008
5.599437713623047
13.297027587890625
10.330649375915527
14.42943000793457
18.665075302124023
34.757591247558594
13.132909774780273
20.836896896362305
16.407163619995117
12.939817428588867
13.358418464660645
11.217666625976562
5.599449634552002
13.28528118133545
10.333728790283203
14.426172256469727
18.665075302124023
34.757591247558594
13.132909774780273
20.836896896362305
16.407163619995117
12.939817428588867
13.367851257324219
11.20834732055664
5.599461078643799
13.273730278015137
10.336756706237793
14.422968864440918
18.665075302124023
34.757591247558594
13.132909774780273
20.836896896362305
16.407163619995117
12.939817428588867
13.377126693725586
11.199183464050293
5.599472522735596
13.262372016906738
10.339734077453613
14.419818878173828
18.665075302124023
34.757591247558594
13.132909774780273
20.836896896362305
16.407163619995117
12.939817428588867
13.386247634887695
11.19017219543457
5.599483966827393
13.251202583312988
10.34266185760498
14.41672134399414
18.665075302124023
34.757591247558594
13.132909774780273
20.836896896362305
16.407163619995117
12.939817428588867
13.39521598815918
11.181310653686523
5.599494934082031
13.240219116210938
10.345541000366211
14.413676261901855
18.665075302124023
34.757591247558594
13.132909774780273
20.836896896362305
16.407163619995117
12.939817428588867
13.404034614562988
11.17259693145752
5.59950590133667
13.229418754577637
10.348371505737305
14.41068172454834
18.665075302124023
34.757591247558594
13.132909774780273
20.836896896362305
16.407163619995117
12.939817428588867
13.41270637512207
11.16402816772461
5.59951639175415
13.218798637390137
10.351155281066895
14.407736778259277
18.665075302124023
34.757591247558594
13.132909774780273
20.836896896362305
16.407163619995117
12.939817428588867
13.421234130859375
11.15560245513916
5.599526882171631
13.208355903625488
10.35389232635498
14.404841423034668
18.665075302124023
34.757591247558594
13.132909774780273
20.836896896362305
16.407163619995117
12.939817428588867
13.429619789123535
11.147316932678223
5.599537372589111
13.198086738586426
10.356583595275879
14.401993751525879
18.665075302124023
34.757591247558594
13.132909774780273
20.836896896362305
16.407163619995117
12.939817428588867
13.437865257263184
11.139169692993164
5.599547386169434
13.187989234924316
10.359230041503906
14.39919376373291
18.665075302124023
34.757591247558594
13.132909774780273
20.836896896362305
16.407163619995117
12.939817428588867
13.44597339630127
11.131158828735352
5.599557399749756
13.178059577941895
10.361832618713379
14.396440505981445
18.665075302124023
34.757591247558594
13.132909774780273
20.836896896362305
16.407163619995117
12.939817428588867
13.453946113586426
11.123281478881836
5.599567413330078
13.168295860290527
10.364392280578613
14.393733024597168
18.665075302124023
34.757591247558594
13.132909774780273
20.836896896362305
16.407163619995117
12.939817428588867
13.461786270141602
11.115534782409668
5.599576950073242
13.15869426727295
10.36690902709961
14.391070365905762
18.665075302124023
34.757591247558594
13.132909774780273
20.836896896362305
16.407163619995117
12.939817428588867
13.46949577331543
11.107917785644531
5.599586486816406
13.149252891540527
10.369383811950684
14.388452529907227
18.665075302124023
34.757591247558594
13.132909774780273
20.836896896362305
16.407163619995117
12.939817428588867
13.477076530456543
11.100427627563477
5.59959602355957
13.139968872070312
10.371817588806152
14.385878562927246
18.665075302124023
34.757591247558594
13.132909774780273
20.836896896362305
16.407163619995117
12.939817428588867
13.48453140258789
11.093062400817871
5.599605083465576
13.130839347839355
10.374210357666016
14.383347511291504
18.665075302124023
34.757591247558594
13.132909774780273
20.836896896362305
16.407163619995117
12.939817428588867
13.491862297058105
11.085819244384766
5.599614143371582
13.121862411499023
10.37656307220459
14.380858421325684
18.665075302124023
34.757591247558594
13.132909774780273
20.836896896362305
16.407163619995117
12.939817428588867
13.499070167541504
11.078697204589844
5.599623203277588
13.113035202026367
10.378876686096191
14.378410339355469
18.665075302124023
34.757591247558594
13.132909774780273
20.836896896362305
16.407163619995117
12.939817428588867
13.506157875061035
11.071693420410156
5.5996317863464355
13.104354858398438
10.381152153015137
14.37600326538086
18.665075302124023
34.757591247558594
13.132909774780273
20.836896896362305
16.407163619995117
12.939817428588867
13.513128280639648
11.064806938171387
5.599640369415283
13.095819473266602
10.383389472961426
14.373636245727539
18.665075302124023
34.757591247558594
13.132909774780273
20.836896896362305
16.407163619995117
12.939817428588867
13.51998233795166
11.058034896850586
5.599648952484131
13.08742618560791
10.385589599609375
14.371309280395508
18.665075302124023
34.757591247558594
13.132909774780273
20.836896896362305
16.407163619995117
12.939817428588867
13.526721954345703
11.051375389099121
5.59965705871582
13.07917308807373
10.387752532958984
14.369020462036133
18.665075302124023
34.757591247558594
13.132909774780273
20.836896896362305
16.407163619995117
12.939817428588867
13.53334903717041
11.044827461242676
5.59966516494751
13.071057319641113
10.389880180358887
14.366769790649414
18.665075302124023
34.757591247558594
13.132909774780273
20.836896896362305
16.407163619995117
12.939817428588867
13.539865493774414
11.0383882522583
5.599673271179199
13.063076972961426
10.391972541809082
14.364557266235352
18.665075302124023
34.757591247558594
13.132909774780273
20.836896896362305
16.407163619995117
12.939817428588867
13.546274185180664
11.03205680847168
5.599681377410889
13.055229187011719
10.39402961730957
14.362380981445312
18.665075302124023
34.757591247558594
13.132909774780273
20.836896896362305
16.407163619995117
12.939817428588867
13.552576065063477
11.025830268859863
5.59968900680542
13.04751205444336
10.396052360534668
14.360240936279297
18.665075302124023
34.757591247558594
13.132909774780273
20.836896896362305
16.407163619995117
12.939817428588867
13.558772087097168
11.019707679748535
5.599696636199951
13.039923667907715
10.398041725158691
14.358137130737305
18.665075302124023
34.757591247558594
13.132909774780273
20.836896896362305
16.407163619995117
12.939817428588867
13.564865112304688
11.013687133789062
5.599704265594482
13.032462120056152
10.39999771118164
14.356067657470703
18.665075302124023
34.757591247558594
13.132909774780273
20.836896896362305
16.407163619995117
12.939817428588867
13.570857048034668
11.007766723632812
5.599711894989014
13.025124549865723
10.401921272277832
14.354033470153809
18.665075302124023
34.757591247558594
13.132909774780273
20.836896896362305
16.407163619995117
12.939817428588867
13.576748847961426
11.001945495605469
5.599719047546387
13.017909049987793
10.403812408447266
14.352032661437988
18.665075302124023
34.757591247558594
13.132909774780273
20.836896896362305
16.407163619995117
12.939817428588867
13.582542419433594
10.996221542358398
5.59972620010376
13.01081371307373
10.405672073364258
14.350065231323242
18.665075302124023
34.757591247558594
13.132909774780273
20.836896896362305
16.407163619995117
12.939817428588867
13.588239669799805
10.990592956542969
5.599733352661133
13.003836631774902
10.407501220703125
14.348130226135254
18.665075302124023
34.757591247558594
13.132909774780273
20.836896896362305
16.407163619995117
12.939817428588867
13.593841552734375
10.985057830810547
5.599740505218506
12.996975898742676
10.409299850463867
14.346227645874023
18.665075302124023
34.757591247558594
13.132909774780273
20.836896896362305
16.407163619995117
12.939817428588867
13.599349975585938
10.979615211486816
5.599747180938721
12.990229606628418
10.411067962646484
14.34435749053955
18.665075302124023
34.757591247558594
13.132909774780273
20.836896896362305
16.407163619995117
12.939817428588867
13.604766845703125
10.974263191223145
5.5997538566589355
12.983595848083496
10.412806510925293
14.342517852783203
18.665075302124023
34.757591247558594
13.132909774780273
20.836896896362305
16.407163619995117
12.939817428588867
13.610093116760254
10.968999862670898
5.59976053237915
12.977072715759277
10.41451644897461
14.34070873260498
18.665075302124023
34.757591247558594
13.132909774780273
20.836896896362305
16.407163619995117
12.939817428588867
13.615330696105957
10.963824272155762
5.599767208099365
12.970658302307129
10.416197776794434
14.338930130004883
18.665075302124023
34.757591247558594
13.132909774780273
20.836896896362305
16.407163619995117
12.939817428588867
13.620481491088867
10.958735466003418
5.599773406982422
12.964350700378418
10.417851448059082
14.337181091308594
18.665075302124023
34.757591247558594
13.132909774780273
20.836896896362305
16.407163619995117
12.939817428588867
13.6255464553833
10.953731536865234
5.5997796058654785
12.958148002624512
10.419477462768555
14.335461616516113
18.665075302124023
34.757591247558594
13.132909774780273
20.836896896362305
16.407163619995117
12.939817428588867
13.630526542663574
10.948810577392578
5.599785804748535
12.952049255371094
10.421075820922852
14.333770751953125
18.665075302124023
34.757591247558594
13.132909774780273
20.836896896362305
16.407163619995117
12.939817428588867
13.63542366027832
10.943971633911133
5.599792003631592
12.946051597595215
10.422647476196289
14.332107543945312
18.665075302124023
34.757591247558594
13.132909774780273
20.836896896362305
16.407163619995117
12.939817428588867
13.640239715576172
10.939213752746582
5.59979772567749
12.940154075622559
10.424193382263184
14.330471992492676
18.665075302124023
34.757591247558594
13.132909774780273
20.836896896362305
16.407163619995117
12.939817428588867
13.644974708557129
10.934535026550293
5.599803447723389
12.934354782104492
10.425713539123535
14.328864097595215
18.665075302124023
34.757591247558594
13.132909774780273
20.836896896362305
16.407163619995117
12.939817428588867
13.64963150024414
10.92993450164795
5.599809169769287
12.9286527633667
10.427207946777344
14.327282905578613
18.665075302124023
34.757591247558594
13.132909774780273
20.836896896362305
16.407163619995117
12.939817428588867
13.654210090637207
10.925410270690918
5.5998148918151855
12.92304515838623
10.428677558898926
14.325728416442871
18.665075302124023
34.757591247558594
13.132909774780273
20.836896896362305
16.407163619995117
12.939817428588867
13.658712387084961
10.920961380004883
5.599820613861084
12.91753101348877
10.430122375488281
14.324199676513672
18.665075302124023
34.757591247558594
13.132909774780273
20.836896896362305
16.407163619995117
12.939817428588867
13.663140296936035
10.916586875915527
5.599825859069824
12.912109375
10.431543350219727
14.322696685791016
18.665075302124023
34.757591247558594
13.132909774780273
20.836896896362305
16.407163619995117
12.939817428588867
13.66749382019043
10.912284851074219
5.5998311042785645
12.906777381896973
10.432940483093262
14.321218490600586
18.665075302124023
34.757591247558594
13.132909774780273
20.836896896362305
16.407163619995117
12.939817428588867
13.671774864196777
10.908055305480957
5.599836349487305
12.901535034179688
10.434314727783203
14.319765090942383
18.665075302124023
34.757591247558594
13.132909774780273
20.836896896362305
16.407163619995117
12.939817428588867
13.675984382629395
10.90389633178711
5.599841594696045
12.896379470825195
10.43566608428955
14.31833553314209
18.665075302124023
34.757591247558594
13.132909774780273
20.836896896362305
16.407163619995117
12.939817428588867
13.680124282836914
10.899806022644043
5.599846839904785
12.89130973815918
10.436994552612305
14.316929817199707
18.665075302124023
34.757591247558594
13.132909774780273
20.836896896362305
16.407163619995117
12.939817428588867
13.684194564819336
10.895784378051758
5.599852085113525
12.886324882507324
10.438301086425781
14.315547943115234
18.665075302124023
34.757591247558594
13.132909774780273
20.836896896362305
16.407163619995117
12.939817428588867
13.688197135925293
10.891829490661621
5.599856853485107
12.881422996520996
10.43958568572998
14.314188957214355
18.665075302124023
34.757591247558594
13.132909774780273
20.836896896362305
16.407163619995117
12.939817428588867
13.692132949829102
10.887940406799316
5.5998616218566895
12.876603126525879
10.440849304199219
14.312851905822754
18.665075302124023
34.757591247558594
13.132909774780273
20.836896896362305
16.407163619995117
12.939817428588867
13.696002960205078
10.884116172790527
5.5998663902282715
12.87186336517334
10.442091941833496
14.311537742614746
18.665075302124023
34.757591247558594
13.132909774780273
20.836896896362305
16.407163619995117
12.939817428588867
13.699809074401855
10.880355834960938
5.5998711585998535
12.867202758789062
10.443313598632812
14.310245513916016
18.665075302124023
34.757591247558594
13.132909774780273
20.836896896362305
16.407163619995117
12.939817428588867
13.703551292419434
10.87665843963623
5.5998759269714355
12.862619400024414
10.444515228271484
14.308974266052246
18.665075302124023
34.757591247558594
13.132909774780273
20.836896896362305
16.407163619995117
12.939817428588867
13.707231521606445
10.873022079467773
5.599880695343018
12.858112335205078
10.445696830749512
14.307724952697754
18.665075302124023
34.757591247558594
13.132909774780273
20.836896896362305
16.407163619995117
12.939817428588867
13.710850715637207
10.869446754455566
5.599884986877441
12.853680610656738
10.446858406066895
14.306495666503906
18.665075302124023
34.757591247558594
13.132909774780273
20.836896896362305
16.407163619995117
12.939817428588867
13.714408874511719
10.865930557250977
5.599889278411865
12.849323272705078
10.44800090789795
14.30528736114502
18.665075302124023
34.757591247558594
13.132909774780273
20.836896896362305
16.407163619995117
12.939817428588867
13.717907905578613
10.862473487854004
5.599893569946289
12.845038414001465
10.449124336242676
14.304099082946777
18.665075302124023
34.757591247558594
13.132909774780273
20.836896896362305
16.407163619995117
12.939817428588867
13.721348762512207
10.859073638916016
5.599897861480713
12.840825080871582
10.450228691101074
14.30293083190918
18.665075302124023
34.757591247558594
13.132909774780273
20.836896896362305
16.407163619995117
12.939817428588867
13.724732398986816
10.855731010437012
5.599902153015137
12.836681365966797
10.451314926147461
14.30178165435791
18.665075302124023
34.757591247558594
13.132909774780273
20.836896896362305
16.407163619995117
12.939817428588867
13.728059768676758
10.85244369506836
5.5999064445495605
12.83260726928711
10.452383041381836
14.300651550292969
18.665075302124023
34.757591247558594
13.132909774780273
20.836896896362305
16.407163619995117
12.939817428588867
13.731331825256348
10.849210739135742
5.599910259246826
12.828600883483887
10.4534330368042
14.299540519714355
18.665075302124023
34.757591247558594
13.132909774780273
20.836896896362305
16.407163619995117
12.939817428588867
13.734548568725586
10.84603214263916
5.599914073944092
12.824661254882812
10.454465866088867
14.298447608947754
18.665075302124023
34.757591247558594
13.132909774780273
20.836896896362305
16.407163619995117
12.939817428588867
13.737711906433105
10.84290599822998
5.599917888641357
12.82078742980957
10.45548152923584
14.29737377166748
18.665075302124023
34.757591247558594
13.132909774780273
20.836896896362305
16.407163619995117
12.939817428588867
13.740822792053223
10.839832305908203
5.599921703338623
12.816977500915527
10.456480026245117
14.296317100524902
18.665075302124023
34.757591247558594
13.132909774780273
20.836896896362305
16.407163619995117
12.939817428588867
13.743882179260254
10.836810111999512
5.599925518035889
12.813231468200684
10.457462310791016
14.295278549194336
18.665075302124023
34.757591247558594
13.132909774780273
20.836896896362305
16.407163619995117
12.939817428588867
13.7468900680542
10.83383846282959
5.599929332733154
12.809547424316406
10.458427429199219
14.294257164001465
18.665075302124023
34.757591247558594
13.132909774780273
20.836896896362305
16.407163619995117
12.939817428588867
13.749848365783691
10.830916404724121
5.59993314743042
12.805925369262695
10.45937728881836
14.293252944946289
18.665075302124023
34.757591247558594
13.132909774780273
20.836896896362305
16.407163619995117
12.939817428588867
13.75275707244873
10.828042984008789
5.5999369621276855
12.802363395690918
10.460310935974121
14.292264938354492
18.665075302124023
34.757591247558594
13.132909774780273
20.836896896362305
16.407163619995117
12.939817428588867
13.755617141723633
10.825217247009277
5.599940299987793
12.798860549926758
10.46122932434082
14.29129409790039
18.665075302124023
34.757591247558594
13.132909774780273
20.836896896362305
16.407163619995117
12.939817428588867
13.758429527282715
10.82243824005127
5.5999436378479
12.795416831970215
10.462132453918457
14.290339469909668
18.665075302124023
34.757591247558594
13.132909774780273
20.836896896362305
16.407163619995117
12.939817428588867
13.761195182800293
10.819705963134766
5.599946975708008
12.792030334472656
10.463020324707031
14.289400100708008
18.665075302124023
34.757591247558594
13.132909774780273
20.836896896362305
16.407163619995117
12.939817428588867
13.763915061950684
10.81701946258545
5.599950313568115
12.788700103759766
10.463892936706543
14.288476943969727
18.665075302124023
34.757591247558594
13.132909774780273
20.836896896362305
16.407163619995117
12.939817428588867
13.766589164733887
10.814377784729004
5.599953651428223
12.785425186157227
10.464751243591309
14.287569046020508
18.665075302124023
34.757591247558594
13.132909774780273
20.836896896362305
16.407163619995117
12.939817428588867
13.769218444824219
10.811779975891113
5.59995698928833
12.782204627990723
10.465595245361328
14.286676406860352
18.665075302124023
34.757591247558594
13.132909774780273
20.836896896362305
16.407163619995117
12.939817428588867
13.771803855895996
10.809225082397461
5.5999603271484375
12.779038429260254
10.466424942016602
14.285798072814941
18.665075302124023
34.757591247558594
13.132909774780273
20.836896896362305
16.407163619995117
12.939817428588867
13.774346351623535
10.806713104248047
5.599963665008545
12.775924682617188
10.467241287231445
14.284934997558594
18.665075302124023
34.757591247558594
13.132909774780273
20.836896896362305
16.407163619995117
12.939817428588867
13.776846885681152
10.804243087768555
5.599966526031494
12.772862434387207
10.46804428100586
14.284086227416992
18.665075302124023
34.757591247558594
13.132909774780273
20.836896896362305
16.407163619995117
12.939817428588867
13.779305458068848
10.801814079284668
5.599969387054443
12.769851684570312
10.468833923339844
14.283251762390137
18.665075302124023
34.757591247558594
13.132909774780273
20.836896896362305
16.407163619995117
12.939817428588867
13.781723022460938
10.79942512512207
5.599972248077393
12.766891479492188
10.469610214233398
14.282430648803711
18.665075302124023
34.757591247558594
13.132909774780273
20.836896896362305
16.407163619995117
12.939817428588867
13.784100532531738
10.797076225280762
5.599975109100342
12.7639799118042
10.470373153686523
14.281623840332031
18.665075302124023
34.757591247558594
13.132909774780273
20.836896896362305
16.407163619995117
12.939817428588867
13.78643798828125
10.794766426086426
5.599977970123291
12.761116981506348
10.471123695373535
14.280830383300781
18.665075302124023
34.757591247558594
13.132909774780273
20.836896896362305
16.407163619995117
12.939817428588867
13.788736343383789
10.792494773864746
5.59998083114624
12.758301734924316
10.471861839294434
14.280049324035645
18.665075302124023
34.757591247558594
13.132909774780273
20.836896896362305
16.407163619995117
12.939817428588867
13.790996551513672
10.790261268615723
5.5999836921691895
12.755533218383789
10.472587585449219
14.279281616210938
18.665075302124023
34.757591247558594
13.132909774780273
20.836896896362305
16.407163619995117
12.939817428588867
13.793219566345215
10.788064956665039
5.599986553192139
12.752811431884766
10.47330093383789
14.27852725982666
18.665075302124023
34.757591247558594
13.132909774780273
20.836896896362305
16.407163619995117
12.939817428588867
13.795405387878418
10.785905838012695
5.599989414215088
12.750134468078613
10.474002838134766
14.277785301208496
18.665075302124023
34.757591247558594
13.132909774780273
20.836896896362305
16.407163619995117
12.939817428588867
13.797554969787598
10.783782005310059
5.599992275238037
12.747502326965332
10.474692344665527
14.277055740356445
18.665075302124023
34.757591247558594
13.132909774780273
20.836896896362305
16.407163619995117
12.939817428588867
13.799668312072754
10.781693458557129
5.599994659423828
12.744914054870605
10.475370407104492
14.276337623596191
18.665075302124023
34.757591247558594
13.132909774780273
20.836896896362305
16.407163619995117
12.939817428588867
13.801746368408203
10.779640197753906
5.599997043609619
12.742368698120117
10.476037979125977
14.27563190460205
18.665075302124023
34.757591247558594
13.132909774780273
20.836896896362305
16.407163619995117
12.939817428588867
13.803790092468262
10.777621269226074
5.59999942779541
12.739866256713867
10.476694107055664
14.274937629699707
18.665075302124023
34.757591247558594
13.132909774780273
20.836896896362305
16.407163619995117
12.939817428588867
13.80579948425293
10.775635719299316
5.600001811981201
12.737405776977539
10.477338790893555
14.27425479888916
18.665075302124023
34.757591247558594
13.132909774780273
20.836896896362305
16.407163619995117
12.939817428588867
13.807775497436523
10.773683547973633
5.600004196166992
12.734986305236816
10.477972984313965
14.27358341217041
18.665075302124023
34.757591247558594
13.132909774780273
20.836896896362305
16.407163619995117
12.939817428588867
13.809718132019043
10.771763801574707
5.600006580352783
12.732606887817383
10.478596687316895
14.272923469543457
18.665075302124023
34.757591247558594
13.132909774780273
20.836896896362305
16.407163619995117
12.939817428588867
13.811629295349121
10.769875526428223
5.600008964538574
12.730266571044922
10.479209899902344
14.2722749710083
18.665075302124023
34.757591247558594
13.132909774780273
20.836896896362305
16.407163619995117
12.939817428588867
13.813508033752441
10.76801872253418
5.600011348724365
12.727965354919434
10.479812622070312
14.271636962890625
18.665075302124023
34.757591247558594
13.132909774780273
20.836896896362305
16.407163619995117
12.939817428588867
13.81535530090332
10.766193389892578
5.600013732910156
12.725703239440918
10.480405807495117
14.27100944519043
18.665075302124023
34.757591247558594
13.132909774780273
20.836896896362305
16.407163619995117
12.939817428588867
13.817172050476074
10.764398574829102
5.600016117095947
12.723478317260742
10.480989456176758
14.270392417907715
18.665075302124023
34.757591247558594
13.132909774780273
20.836896896362305
16.407163619995117
12.939817428588867
13.818958282470703
10.762633323669434
5.600018501281738
12.721290588378906
10.481562614440918
14.26978588104248
18.665075302124023
34.757591247558594
13.132909774780273
20.836896896362305
16.407163619995117
12.939817428588867
13.820714950561523
10.760897636413574
5.600020885467529
12.719139099121094
10.482126235961914
14.26918888092041
18.665075302124023
34.757591247558594
13.132909774780273
20.836896896362305
16.407163619995117
12.939817428588867
13.822442054748535
10.759190559387207
5.600022792816162
12.717023849487305
10.482680320739746
14.26860237121582
18.665075302124023
34.757591247558594
13.132909774780273
20.836896896362305
16.407163619995117
12.939817428588867
13.824140548706055
10.757512092590332
5.600024700164795
12.714943885803223
10.48322582244873
14.268025398254395
18.665075302124023
34.757591247558594
13.132909774780273
20.836896896362305
16.407163619995117
12.939817428588867
13.825810432434082
10.755861282348633
5.600026607513428
12.712898254394531
10.48376178741455
14.267457962036133
18.665075302124023
34.757591247558594
13.132909774780273
20.836896896362305
16.407163619995117
12.939817428588867
13.827452659606934
10.75423812866211
5.6000285148620605
12.71088695526123
10.484289169311523
14.266900062561035
18.665075302124023
34.757591247558594
13.132909774780273
20.836896896362305
16.407163619995117
12.939817428588867
13.829068183898926
10.752642631530762
5.600030422210693
12.708909034729004
10.484807968139648
14.266351699829102
18.665075302124023
34.757591247558594
13.132909774780273
20.836896896362305
16.407163619995117
12.939817428588867
13.830656051635742
10.751073837280273
5.600032329559326
12.706964492797852
10.485318183898926
14.265811920166016
18.665075302124023
34.757591247558594
13.132909774780273
20.836896896362305
16.407163619995117
12.939817428588867
13.832218170166016
10.749530792236328
5.600034236907959
12.705052375793457
10.485819816589355
14.265281677246094
18.665075302124023
34.757591247558594
13.132909774780273
20.836896896362305
16.407163619995117
12.939817428588867
13.83375358581543
10.748013496398926
5.600036144256592
12.703171730041504
10.486312866210938
14.26476001739502
18.665075302124023
34.757591247558594
13.132909774780273
20.836896896362305
16.407163619995117
12.939817428588867
13.8352632522583
10.74652099609375
5.600038051605225
12.701322555541992
10.486797332763672
14.264246940612793
18.665075302124023
34.757591247558594
13.132909774780273
20.836896896362305
16.407163619995117
12.939817428588867
13.836748123168945
10.745054244995117
5.600039958953857
12.699503898620605
10.487274169921875
14.263742446899414
18.665075302124023
34.757591247558594
13.132909774780273
20.836896896362305
16.407163619995117
12.939817428588867
13.838208198547363
10.743611335754395
5.60004186630249
12.697715759277344
10.48774242401123
14.263246536254883
18.665075302124023
34.757591247558594
13.132909774780273
20.836896896362305
16.407163619995117
12.939817428588867
13.839644432067871
10.742192268371582
5.600043773651123
12.69595718383789
10.488203048706055
14.2627592086792
18.665075302124023
34.757591247558594
13.132909774780273
20.836896896362305
16.407163619995117
12.939817428588867
13.841055870056152
10.74079704284668
5.600045680999756
12.694228172302246
10.488656044006348
14.262279510498047
18.665075302124023
34.757591247558594
13.132909774780273
20.836896896362305
16.407163619995117
12.939817428588867
13.84244441986084
10.739425659179688
5.600047588348389
12.692527770996094
10.48910140991211
14.261808395385742
18.665075302124023
34.757591247558594
13.132909774780273
20.836896896362305
16.407163619995117
12.939817428588867
13.843810081481934
10.738077163696289
5.6000494956970215
12.690855979919434
10.489540100097656
14.261344909667969
18.665075302124023
34.757591247558594
13.132909774780273
20.836896896362305
16.407163619995117
12.939817428588867
13.845152854919434
10.736750602722168
5.600050926208496
12.68921184539795
10.489971160888672
14.260889053344727
18.665075302124023
34.757591247558594
13.132909774780273
20.836896896362305
16.407163619995117
12.939817428588867
13.84647274017334
10.735445976257324
5.600052356719971
12.68759536743164
10.490394592285156
14.260440826416016
18.665075302124023
34.757591247558594
13.132909774780273
20.836896896362305
16.407163619995117
12.939817428588867
13.847770690917969
10.734163284301758
5.600053787231445
12.686005592346191
10.490811347961426
14.260000228881836
18.665075302124023
34.757591247558594
13.132909774780273
20.836896896362305
16.407163619995117
12.939817428588867
13.84904670715332
10.732902526855469
5.60005521774292
12.684442520141602
10.49122142791748
14.259566307067871
18.665075302124023
34.757591247558594
13.132909774780273
20.836896896362305
16.407163619995117
12.939817428588867
13.850301742553711
10.73166275024414
5.6000566482543945
12.682905197143555
10.491623878479004
14.259140014648438
18.665075302124023
34.757591247558594
13.132909774780273
20.836896896362305
16.407163619995117
12.939817428588867
13.85153579711914
10.730443000793457
5.600058078765869
12.68139362335205
10.492019653320312
14.258721351623535
18.665075302124023
34.757591247558594
13.132909774780273
20.836896896362305
16.407163619995117
12.939817428588867
13.852749824523926
10.729244232177734
5.600059509277344
12.679906845092773
10.492409706115723
14.258309364318848
18.665075302124023
34.757591247558594
13.132909774780273
20.836896896362305
16.407163619995117
12.939817428588867
13.85394287109375
10.728065490722656
5.600060939788818
12.678444862365723
10.492793083190918
14.257904052734375
18.665075302124023
34.757591247558594
13.132909774780273
20.836896896362305
16.407163619995117
12.939817428588867
13.855116844177246
10.726905822753906
5.600062370300293
12.677007675170898
10.493169784545898
14.257505416870117
18.665075302124023
34.757591247558594
13.132909774780273
20.836896896362305
16.407163619995117
12.939817428588867
13.856270790100098
10.725765228271484
5.600063800811768
12.675594329833984
10.493539810180664
14.257113456726074
18.665075302124023
34.757591247558594
13.132909774780273
20.836896896362305
16.407163619995117
12.939817428588867
13.857405662536621
10.72464370727539
5.600065231323242
12.67420482635498
10.493904113769531
14.256728172302246
18.665075302124023
34.757591247558594
13.132909774780273
20.836896896362305
16.407163619995117
12.939817428588867
13.858521461486816
10.723541259765625
5.600066661834717
12.67283821105957
10.4942626953125
14.256349563598633
18.665075302124023
34.757591247558594
13.132909774780273
20.836896896362305
16.407163619995117
12.939817428588867
13.859619140625
10.722456932067871
5.600068092346191
12.671494483947754
10.494614601135254
14.255976676940918
18.665075302124023
34.757591247558594
13.132909774780273
20.836896896362305
16.407163619995117
12.939817428588867
13.860697746276855
10.721390724182129
5.600069522857666
12.670172691345215
10.49496078491211
14.255610466003418
18.665075302124023
34.757591247558594
13.132909774780273
20.836896896362305
16.407163619995117
12.939817428588867
13.861759185791016
10.720342636108398
5.600070953369141
12.66887378692627
10.495301246643066
14.255249977111816
18.665075302124023
34.757591247558594
13.132909774780273
20.836896896362305
16.407163619995117
12.939817428588867
13.862802505493164
10.719311714172363
5.600072383880615
12.667595863342285
10.495635986328125
14.25489616394043
18.665075302124023
34.757591247558594
13.132909774780273
20.836896896362305
16.407163619995117
12.939817428588867
13.863828659057617
10.718297958374023
5.60007381439209
12.666339874267578
10.495965003967285
14.254548072814941
18.665075302124023
34.757591247558594
13.132909774780273
20.836896896362305
16.407163619995117
12.939817428588867
13.864837646484375
10.717301368713379
5.6000752449035645
12.665104866027832
10.496289253234863
14.254205703735352
18.665075302124023
34.757591247558594
13.132909774780273
20.836896896362305
16.407163619995117
12.939817428588867
13.865829467773438
10.716320991516113
5.600076675415039
12.66388988494873
10.496607780456543
14.25386905670166
18.665075302124023
34.757591247558594
13.132909774780273
20.836896896362305
16.407163619995117
12.939817428588867
13.866805076599121
10.715356826782227
5.600078105926514
12.662694931030273
10.496920585632324
14.253538131713867
18.665075302124023
34.757591247558594
13.132909774780273
20.836896896362305
16.407163619995117
12.939817428588867
13.867764472961426
10.714408874511719
5.60007905960083
12.661520004272461
10.497228622436523
14.253211975097656
18.665075302124023
34.757591247558594
13.132909774780273
20.836896896362305
16.407163619995117
12.939817428588867
13.868707656860352
10.71347713470459
5.6000800132751465
12.660365104675293
10.497530937194824
14.252891540527344
18.665075302124023
34.757591247558594
13.132909774780273
20.836896896362305
16.407163619995117
12.939817428588867
13.869635581970215
10.712560653686523
5.600080966949463
12.659229278564453
10.497828483581543
14.25257682800293
18.665075302124023
34.757591247558594
13.132909774780273
20.836896896362305
16.407163619995117
12.939817428588867
13.8705472946167
10.71165943145752
5.600081920623779
12.658112525939941
10.49812126159668
14.252266883850098
18.665075302124023
34.757591247558594
13.132909774780273
20.836896896362305
16.407163619995117
12.939817428588867
13.871443748474121
10.710773468017578
5.600082874298096
12.657013893127441
10.498409271240234
14.251962661743164
18.665075302124023
34.757591247558594
13.132909774780273
20.836896896362305
16.407163619995117
12.939817428588867
13.872325897216797
10.709901809692383
5.600083827972412
12.65593433380127
10.498692512512207
14.251663208007812
18.665075302124023
34.757591247558594
13.132909774780273
20.836896896362305
16.407163619995117
12.939817428588867
13.87319278717041
10.70904541015625
5.6000847816467285
12.654871940612793
10.498970985412598
14.251368522644043
18.665075302124023
34.757591247558594
13.132909774780273
20.836896896362305
16.407163619995117
12.939817428588867
13.874045372009277
10.708202362060547
5.600085735321045
12.653827667236328
10.499244689941406
14.251078605651855
18.665075302124023
34.757591247558594
13.132909774780273
20.836896896362305
16.407163619995117
12.939817428588867
13.874883651733398
10.70737361907959
5.600086688995361
12.652800559997559
10.499513626098633
14.25079345703125
18.665075302124023
34.757591247558594
13.132909774780273
20.836896896362305
16.407163619995117
12.939817428588867
13.87570858001709
10.706559181213379
5.600087642669678
12.651790618896484
10.499778747558594
14.250513076782227
18.665075302124023
34.757591247558594
13.132909774780273
20.836896896362305
16.407163619995117
12.939817428588867
13.876519203186035
10.705758094787598
5.600088596343994
12.650797843933105
10.500039100646973
14.250237464904785
18.665075302124023
34.757591247558594
13.132909774780273
20.836896896362305
16.407163619995117
12.939817428588867
13.87731647491455
10.704970359802246
5.6000895500183105
12.649821281433105
10.50029468536377
14.249966621398926
18.665075302124023
34.757591247558594
13.132909774780273
20.836896896362305
16.407163619995117
12.939817428588867
13.878100395202637
10.704195976257324
5.600090503692627
12.648860931396484
10.5005464553833
14.249700546264648
18.665075302124023
34.757591247558594
13.132909774780273
20.836896896362305
16.407163619995117
12.939817428588867
13.878870964050293
10.703433990478516
5.600091457366943
12.647916793823242
10.50079345703125
14.249438285827637
18.665075302124023
34.757591247558594
13.132909774780273
20.836896896362305
16.407163619995117
12.939817428588867
13.879629135131836
10.702685356140137
5.60009241104126
12.646987915039062
10.501036643981934
14.249180793762207
18.665075302124023
34.757591247558594
13.132909774780273
20.836896896362305
16.407163619995117
12.939817428588867
13.880374908447266
10.701949119567871
5.600093364715576
12.646075248718262
10.501276016235352
14.24892807006836
18.665075302124023
34.757591247558594
13.132909774780273
20.836896896362305
16.407163619995117
12.939817428588867
13.881108283996582
10.701225280761719
5.600094318389893
12.645177841186523
10.501511573791504
14.248679161071777
18.665075302124023
34.757591247558594
13.132909774780273
20.836896896362305
16.407163619995117
12.939817428588867
13.881829261779785
10.700512886047363
5.600095272064209
12.644294738769531
10.50174331665039
14.248434066772461
18.665075302124023
34.757591247558594
13.132909774780273
20.836896896362305
16.407163619995117
12.939817428588867
13.882537841796875
10.699812889099121
5.600096225738525
12.643426895141602
10.501971244812012
14.248193740844727
18.665075302124023
34.757591247558594
13.132909774780273
20.836896896362305
16.407163619995117
12.939817428588867
13.883234977722168
10.699124336242676
5.600097179412842
12.642573356628418
10.502195358276367
14.247957229614258
18.665075302124023
34.757591247558594
13.132909774780273
20.836896896362305
16.407163619995117
12.939817428588867
13.883920669555664
10.698447227478027
5.600098133087158
12.64173412322998
10.502415657043457
14.247724533081055
18.665075302124023
34.757591247558594
13.132909774780273
20.836896896362305
16.407163619995117
12.939817428588867
13.884594917297363
10.697781562805176
5.600099086761475
12.640909194946289
10.502632141113281
14.247495651245117
18.665075302124023
34.757591247558594
13.132909774780273
20.836896896362305
16.407163619995117
12.939817428588867
13.885257720947266
10.697126388549805
5.600100040435791
12.640097618103027
10.50284481048584
14.247270584106445
18.665075302124023
34.757591247558594
13.132909774780273
20.836896896362305
16.407163619995117
12.939817428588867
13.885909080505371
10.69648265838623
5.600100994110107
12.639299392700195
10.503053665161133
14.247049331665039
18.665075302124023
34.757591247558594
13.132909774780273
20.836896896362305
16.407163619995117
12.939817428588867
13.886549949645996
10.695849418640137
5.600101947784424
12.638514518737793
10.503259658813477
14.246831893920898
18.665075302124023
34.757591247558594
13.132909774780273
20.836896896362305
16.407163619995117
12.939817428588867
13.88718032836914
10.695226669311523
5.60010290145874
12.63774299621582
10.503461837768555
14.246618270874023
18.665075302124023
34.757591247558594
13.132909774780273
20.836896896362305
16.407163619995117
12.939817428588867
13.887800216674805
10.69461441040039
5.600103855133057
12.636983871459961
10.503661155700684
14.246407508850098
18.665075302124023
34.757591247558594
13.132909774780273
20.836896896362305
16.407163619995117
12.939817428588867
13.888409614562988
10.694012641906738
5.600104808807373
12.636238098144531
10.503856658935547
14.246200561523438
18.665075302124023
34.757591247558594
13.132909774780273
20.836896896362305
16.407163619995117
12.939817428588867
13.889008522033691
10.69342041015625
5.6001057624816895
12.635504722595215
10.504049301147461
14.245997428894043
18.665075302124023
34.757591247558594
13.132909774780273
20.836896896362305
16.407163619995117
12.939817428588867
13.88959789276123
10.692838668823242
5.600106716156006
12.634782791137695
10.50423812866211
14.245797157287598
18.665075302124023
34.757591247558594
13.132909774780273
20.836896896362305
16.407163619995117
12.939817428588867
13.890177726745605
10.692266464233398
5.600107192993164
12.634073257446289
10.504424095153809
14.245600700378418
18.665075302124023
34.757591247558594
13.132909774780273
20.836896896362305
16.407163619995117
12.939817428588867
13.8907470703125
10.691703796386719
5.600107669830322
12.63337516784668
10.504607200622559
14.245407104492188
18.665075302124023
34.757591247558594
13.132909774780273
20.836896896362305
16.407163619995117
12.939817428588867
13.89130687713623
10.691150665283203
5.6001081466674805
12.632689476013184
10.50478744506836
14.245217323303223
18.665075302124023
34.757591247558594
13.132909774780273
20.836896896362305
16.407163619995117
12.939817428588867
13.891858100891113
10.690606117248535
5.600108623504639
12.632015228271484
10.504963874816895
14.245030403137207
18.665075302124023
34.757591247558594
13.132909774780273
20.836896896362305
16.407163619995117
12.939817428588867
13.892399787902832
10.690071105957031
5.600109100341797
12.631351470947266
10.50513744354248
14.24484634399414
18.665075302124023
34.757591247558594
13.132909774780273
20.836896896362305
16.407163619995117
12.939817428588867
13.892932891845703
10.689544677734375
5.600109577178955
12.630699157714844
10.505308151245117
14.244665145874023
18.665075302124023
34.757591247558594
13.132909774780273
20.836896896362305
16.407163619995117
12.939817428588867
13.89345645904541
10.689026832580566
5.600110054016113
12.630057334899902
10.505475997924805
14.244486808776855
18.665075302124023
34.757591247558594
13.132909774780273
20.836896896362305
16.407163619995117
12.939817428588867
13.89397144317627
10.688517570495605
5.6001105308532715
12.629426956176758
10.505640983581543
14.244312286376953
18.665075302124023
34.757591247558594
13.132909774780273
20.836896896362305
16.407163619995117
12.939817428588867
13.894477844238281
10.688016891479492
5.60011100769043
12.628807067871094
10.505803108215332
14.244140625
18.665075302124023
34.757591247558594
13.132909774780273
20.836896896362305
16.407163619995117
12.939817428588867
13.894975662231445
10.687524795532227
5.600111484527588
12.628196716308594
10.505963325500488
14.243971824645996
18.665075302124023
34.757591247558594
13.132909774780273
20.836896896362305
16.407163619995117
12.939817428588867
13.895465850830078
10.687041282653809
5.600111961364746
12.627596855163574
10.506120681762695
14.243805885314941
18.665075302124023
34.757591247558594
13.132909774780273
20.836896896362305
16.407163619995117
12.939817428588867
13.895947456359863
10.686565399169922
5.600112438201904
12.627007484436035
10.506275177001953
14.243642807006836
18.665075302124023
34.757591247558594
13.132909774780273
20.836896896362305
16.407163619995117
12.939817428588867
13.896421432495117
10.686097145080566
5.6001129150390625
12.62642765045166
10.506426811218262
14.243481636047363
18.665075302124023
34.757591247558594
13.132909774780273
20.836896896362305
16.407163619995117
12.939817428588867
13.896886825561523
10.685637474060059
5.600113391876221
12.62585735321045
10.506576538085938
14.24332332611084
18.665075302124023
34.757591247558594
13.132909774780273
20.836896896362305
16.407163619995117
12.939817428588867
13.897344589233398
10.685185432434082
5.600113868713379
12.625296592712402
10.506723403930664
14.243167877197266
18.665075302124023
34.757591247558594
13.132909774780273
20.836896896362305
16.407163619995117
12.939817428588867
13.897794723510742
10.684741020202637
5.600114345550537
12.62474536895752
10.506868362426758
14.24301528930664
18.665075302124023
34.757591247558594
13.132909774780273
20.836896896362305
16.407163619995117
12.939817428588867
13.898237228393555
10.684303283691406
5.600114822387695
12.624202728271484
10.507010459899902
14.242864608764648
18.665075302124023
34.757591247558594
13.132909774780273
20.836896896362305
16.407163619995117
12.939817428588867
13.898673057556152
10.683873176574707
5.6001152992248535
12.623669624328613
10.507150650024414
14.242716789245605
18.665075302124023
34.757591247558594
13.132909774780273
20.836896896362305
16.407163619995117
12.939817428588867
13.899101257324219
10.683449745178223
5.600115776062012
12.62314510345459
10.507287979125977
14.242571830749512
18.665075302124023
34.757591247558594
13.132909774780273
20.836896896362305
16.407163619995117
12.939817428588867
13.899521827697754
10.68303394317627
5.60011625289917
12.622629165649414
10.507423400878906
14.24242877960205
18.665075302124023
34.757591247558594
13.132909774780273
20.836896896362305
16.407163619995117
12.939817428588867
13.899935722351074
10.682624816894531
5.600116729736328
12.622121810913086
10.507555961608887
14.242288589477539
18.665075302124023
34.757591247558594
13.132909774780273
20.836896896362305
16.407163619995117
12.939817428588867
13.90034294128418
10.682222366333008
5.600117206573486
12.621623039245605
10.507686614990234
14.24215030670166
18.665075302124023
34.757591247558594
13.132909774780273
20.836896896362305
16.407163619995117
12.939817428588867
13.90074348449707
10.6818265914917
5.6001176834106445
12.621132850646973
10.50781536102295
14.242013931274414
18.665075302124023
34.757591247558594
13.132909774780273
20.836896896362305
16.407163619995117
12.939817428588867
13.901137351989746
10.681437492370605
5.600118160247803
12.620651245117188
10.507941246032715
14.241880416870117
18.665075302124023
34.757591247558594
13.132909774780273
20.836896896362305
16.407163619995117
12.939817428588867
13.901524543762207
10.681055068969727
5.600118637084961
12.620177268981934
10.508065223693848
14.241748809814453
18.665075302124023
34.757591247558594
13.132909774780273
20.836896896362305
16.407163619995117
12.939817428588867
13.901905059814453
10.680679321289062
5.600119113922119
12.619710922241211
10.508187294006348
14.241619110107422
18.665075302124023
34.757591247558594
13.132909774780273
20.836896896362305
16.407163619995117
12.939817428588867
13.902278900146484
10.680309295654297
5.600119590759277
12.61925220489502
10.508307456970215
14.24149227142334
18.665075302124023
34.757591247558594
13.132909774780273
20.836896896362305
16.407163619995117
12.939817428588867
13.902647018432617
10.679945945739746
5.6001200675964355
12.61880111694336
10.50842571258545
14.24136734008789
18.665075302124023
34.757591247558594
13.132909774780273
20.836896896362305
16.407163619995117
12.939817428588867
13.903008460998535
10.679588317871094
5.600120544433594
12.61835765838623
10.50854206085205
14.241244316101074
18.665075302124023
34.757591247558594
13.132909774780273
20.836896896362305
16.407163619995117
12.939817428588867
13.903364181518555
10.67923641204834
5.600121021270752
12.617921829223633
10.50865650177002
14.24112319946289
18.665075302124023
34.757591247558594
13.132909774780273
20.836896896362305
16.407163619995117
12.939817428588867
13.903714179992676
10.678890228271484
5.60012149810791
12.617493629455566
10.508769035339355
14.24100399017334
18.665075302124023
34.757591247558594
13.132909774780273
20.836896896362305
16.407163619995117
12.939817428588867
13.904058456420898
10.678550720214844
5.600121974945068
12.617072105407715
10.508879661560059
14.240886688232422
18.665075302124023
34.757591247558594
13.132909774780273
20.836896896362305
16.407163619995117
12.939817428588867
13.904397010803223
10.678215980529785
5.600122451782227
12.616658210754395
10.508988380432129
14.240772247314453
18.665075302124023
34.757591247558594
13.132909774780273
20.836896896362305
16.407163619995117
12.939817428588867
13.904729843139648
10.677886962890625
5.600122928619385
12.616250991821289
10.509095191955566
14.240659713745117
18.665075302124023
34.757591247558594
13.132909774780273
20.836896896362305
16.407163619995117
12.939817428588867
13.905056953430176
10.677563667297363
5.600123405456543
12.615850448608398
10.509200096130371
14.240549087524414
18.665075302124023
34.757591247558594
13.132909774780273
20.836896896362305
16.407163619995117
12.939817428588867
13.905378341674805
10.67724609375
5.600123882293701
12.615456581115723
10.509303092956543
14.240439414978027
18.665075302124023
34.757591247558594
13.132909774780273
20.836896896362305
16.407163619995117
12.939817428588867
13.905694961547852
10.676933288574219
5.600124359130859
12.615069389343262
10.509404182434082
14.240331649780273
18.665075302124023
34.757591247558594
13.132909774780273
20.836896896362305
16.407163619995117
12.939817428588867
13.906005859375
10.676626205444336
5.600124835968018
12.614688873291016
10.509504318237305
14.240225791931152
18.665075302124023
34.757591247558594
13.132909774780273
20.836896896362305
16.407163619995117
12.939817428588867
13.906311988830566
10.676323890686035
5.600125312805176
12.614314079284668
10.509602546691895
14.240121841430664
18.665075302124023
34.757591247558594
13.132909774780273
20.836896896362305
16.407163619995117
12.939817428588867
13.906612396240234
10.676026344299316
5.600125789642334
12.613945960998535
10.509698867797852
14.240019798278809
18.665075302124023
34.757591247558594
13.132909774780273
20.836896896362305
16.407163619995117
12.939817428588867
13.90690803527832
10.675734519958496
5.600126266479492
12.6135835647583
10.509794235229492
14.239919662475586
18.665075302124023
34.757591247558594
13.132909774780273
20.836896896362305
16.407163619995117
12.939817428588867
13.907198905944824
10.675447463989258
5.60012674331665
12.613227844238281
10.5098876953125
14.23982048034668
18.665075302124023
34.757591247558594
13.132909774780273
20.836896896362305
16.407163619995117
12.939817428588867
13.907485008239746
10.675165176391602
5.600127220153809
12.61287784576416
10.509979248046875
14.239723205566406
18.665075302124023
34.757591247558594
13.132909774780273
20.836896896362305
16.407163619995117
12.939817428588867
13.907766342163086
10.674887657165527
5.600127696990967
12.612533569335938
10.510069847106934
14.239627838134766
18.665075302124023
34.757591247558594
13.132909774780273
20.836896896362305
16.407163619995117
12.939817428588867
13.908042907714844
10.674613952636719
5.600128173828125
12.612195014953613
10.51015853881836
14.239534378051758
18.665075302124023
34.757591247558594
13.132909774780273
20.836896896362305
16.407163619995117
12.939817428588867
13.90831470489502
10.674345016479492
5.600128650665283
12.611862182617188
10.510246276855469
14.239441871643066
18.665075302124023
34.757591247558594
13.132909774780273
20.836896896362305
16.407163619995117
12.939817428588867
13.908581733703613
10.674080848693848
5.600129127502441
12.61153507232666
10.510332107543945
14.239351272583008
18.665075302124023
34.757591247558594
13.132909774780273
20.836896896362305
16.407163619995117
12.939817428588867
13.908844947814941
10.673821449279785
5.6001296043396
12.611212730407715
10.510416984558105
14.239261627197266
18.665075302124023
34.757591247558594
13.132909774780273
20.836896896362305
16.407163619995117
12.939817428588867
13.909103393554688
10.673565864562988
5.600130081176758
12.610896110534668
10.510499954223633
14.239173889160156
18.665075302124023
34.757591247558594
13.132909774780273
20.836896896362305
16.407163619995117
12.939817428588867
13.909358024597168
10.673315048217773
5.600130558013916
12.610584259033203
10.510581970214844
14.239087104797363
18.665075302124023
34.757591247558594
13.132909774780273
20.836896896362305
16.407163619995117
12.939817428588867
13.909607887268066
10.673068046569824
5.600131034851074
12.610278129577637
10.510662078857422
14.239002227783203
18.665075302124023
34.757591247558594
13.132909774780273
20.836896896362305
16.407163619995117
12.939817428588867
13.9098539352417
10.67282485961914
5.600131511688232
12.609976768493652
10.510741233825684
14.23891830444336
18.665075302124023
34.757591247558594
13.132909774780273
20.836896896362305
16.407163619995117
12.939817428588867
13.910096168518066
10.672586441040039
5.600131988525391
12.609681129455566
10.510818481445312
14.238836288452148
18.665075302124023
34.757591247558594
13.132909774780273
20.836896896362305
16.407163619995117
12.939817428588867
13.910333633422852
10.672351837158203
5.600132465362549
12.609390258789062
10.510894775390625
14.238755226135254
18.665075302124023
34.757591247558594
13.132909774780273
20.836896896362305
16.407163619995117
12.939817428588867
13.910567283630371
10.672121047973633
5.600132942199707
12.60910415649414
10.510970115661621
14.238676071166992
18.665075302124023
34.757591247558594
13.132909774780273
20.836896896362305
16.407163619995117
12.939817428588867
13.910797119140625
10.671894073486328
5.600133419036865
12.6088228225708
10.511043548583984
14.238597869873047
18.665075302124023
34.757591247558594
13.132909774780273
20.836896896362305
16.407163619995117
12.939817428588867
13.911023139953613
10.671670913696289
5.600133895874023
12.608546257019043
10.511116027832031
14.238521575927734
18.665075302124023
34.757591247558594
13.132909774780273
20.836896896362305
16.407163619995117
12.939817428588867
13.911245346069336
10.671451568603516
5.600134372711182
12.608274459838867
10.511187553405762
14.238446235656738
18.665075302124023
34.757591247558594
13.132909774780273
20.836896896362305
16.407163619995117
12.939817428588867
13.911463737487793
10.671236038208008
5.60013484954834
12.608006477355957
10.511258125305176
14.238371849060059
18.665075302124023
34.757591247558594
13.132909774780273
20.836896896362305
16.407163619995117
12.939817428588867
13.911678314208984
10.67102336883545
5.600135326385498
12.607743263244629
10.511258125305176
14.238371849060059
18.665075302124023
34.757591247558594
13.132909774780273
20.836896896362305
16.407163619995117
12.939817428588867
13.911890029907227
10.670814514160156
5.600135803222656
12.607484817504883
10.511258125305176
14.238371849060059
18.665075302124023
34.757591247558594
13.132909774780273
20.836896896362305
16.407163619995117
12.939817428588867
13.912097930908203
10.670609474182129
5.6001362800598145
12.607230186462402
10.511258125305176
14.238371849060059
18.665075302124023
34.757591247558594
13.132909774780273
20.836896896362305
16.407163619995117
12.939817428588867
13.912302017211914
10.67040729522705
5.600136756896973
12.606980323791504
10.511258125305176
14.238371849060059
18.665075302124023
34.757591247558594
13.132909774780273
20.836896896362305
16.407163619995117
12.939817428588867
13.912503242492676
10.670208930969238
5.600137233734131
12.606734275817871
10.511258125305176
14.238371849060059
18.665075302124023
34.757591247558594
13.132909774780273
20.836896896362305
16.407163619995117
12.939817428588867
13.912700653076172
10.670013427734375
5.600137710571289
12.606492042541504
10.511258125305176
14.238371849060059
18.665075302124023
34.757591247558594
13.132909774780273
20.836896896362305
16.407163619995117
12.939817428588867
13.912895202636719
10.669821739196777
5.600138187408447
12.606253623962402
10.511258125305176
14.238371849060059
18.665075302124023
34.757591247558594
13.132909774780273
20.836896896362305
16.407163619995117
12.939817428588867
13.9130859375
10.669632911682129
5.600138187408447
12.606019973754883
10.511258125305176
14.238371849060059
18.665075302124023
34.757591247558594
13.132909774780273
20.836896896362305
16.407163619995117
12.939817428588867
13.913273811340332
10.66944694519043
5.600138187408447
12.605790138244629
10.511258125305176
14.238371849060059
18.665075302124023
34.757591247558594
13.132909774780273
20.836896896362305
16.407163619995117
12.939817428588867
13.913458824157715
10.669264793395996
5.600138187408447
12.60556411743164
10.511258125305176
14.238371849060059
18.665075302124023
34.757591247558594
13.132909774780273
20.836896896362305
16.407163619995117
12.939817428588867
13.913640975952148
10.669085502624512
5.600138187408447
12.605341911315918
10.511258125305176
14.238371849060059
18.665075302124023
34.757591247558594
13.132909774780273
20.836896896362305
16.407163619995117
12.939817428588867
13.913819313049316
10.668909072875977
5.600138187408447
12.605123519897461
10.511258125305176
14.238371849060059
18.665075302124023
34.757591247558594
13.132909774780273
20.836896896362305
16.407163619995117
12.939817428588867
13.913994789123535
10.66873550415039
5.600138187408447
12.604907989501953
10.511258125305176
14.238371849060059
18.665075302124023
34.757591247558594
13.132909774780273
20.836896896362305
16.407163619995117
12.939817428588867
13.914167404174805
10.668564796447754
5.600138187408447
12.604696273803711
10.511258125305176
14.238371849060059
18.665075302124023
34.757591247558594
13.132909774780273
20.836896896362305
16.407163619995117
12.939817428588867
13.914337158203125
10.668396949768066
5.600138187408447
12.604488372802734
10.511258125305176
14.238371849060059
18.665075302124023
34.757591247558594
13.132909774780273
20.836896896362305
16.407163619995117
12.939817428588867
13.914504051208496
10.668231964111328
5.600138187408447
12.604284286499023
10.511258125305176
14.238371849060059
18.665075302124023
34.757591247558594
13.132909774780273
20.836896896362305
16.407163619995117
12.939817428588867
13.914668083190918
10.668069839477539
5.600138187408447
12.604083061218262
10.511258125305176
14.238371849060059
18.665075302124023
34.757591247558594
13.132909774780273
20.836896896362305
16.407163619995117
12.939817428588867
13.91482925415039
10.6679105758667
5.600138187408447
12.603885650634766
10.511258125305176
14.238371849060059
18.665075302124023
34.757591247558594
13.132909774780273
20.836896896362305
16.407163619995117
12.939817428588867
13.91498851776123
10.667753219604492
5.600138187408447
12.603691101074219
10.511258125305176
14.238371849060059
18.665075302124023
34.757591247558594
13.132909774780273
20.836896896362305
16.407163619995117
12.939817428588867
13.915144920349121
10.667598724365234
5.600138187408447
12.603499412536621
10.511258125305176
14.238371849060059
18.665075302124023
34.757591247558594
13.132909774780273
20.836896896362305
16.407163619995117
12.939817428588867
13.915298461914062
10.667447090148926
5.600138187408447
12.603311538696289
10.511258125305176
14.238371849060059
18.665075302124023
34.757591247558594
13.132909774780273
20.836896896362305
16.407163619995117
12.939817428588867
13.915449142456055
10.667298316955566
5.600138187408447
12.603126525878906
10.511258125305176
14.238371849060059
18.665075302124023
34.757591247558594
13.132909774780273
20.836896896362305
16.407163619995117
12.939817428588867
13.915597915649414
10.66715145111084
5.600138187408447
12.602944374084473
10.511258125305176
14.238371849060059
18.665075302124023
34.757591247558594
13.132909774780273
20.836896896362305
16.407163619995117
12.939817428588867
13.915743827819824
10.667007446289062
5.600138187408447
12.602765083312988
10.511258125305176
14.238371849060059
18.665075302124023
34.757591247558594
13.132909774780273
20.836896896362305
16.407163619995117
12.939817428588867
13.915887832641602
10.666865348815918
5.600138187408447
12.60258960723877
10.511258125305176
14.238371849060059
18.665075302124023
34.757591247558594
13.132909774780273
20.836896896362305
16.407163619995117
12.939817428588867
13.91602897644043
10.666726112365723
5.600138187408447
12.6024169921875
10.511258125305176
14.238371849060059
18.665075302124023
34.757591247558594
13.132909774780273
20.836896896362305
16.407163619995117
12.939817428588867
13.916168212890625
10.66658878326416
5.600138187408447
12.60224723815918
10.511258125305176
14.238371849060059
18.665075302124023
34.757591247558594
13.132909774780273
20.836896896362305
16.407163619995117
12.939817428588867
13.916304588317871
10.666454315185547
5.600138187408447
12.602080345153809
10.511258125305176
14.238371849060059
18.665075302124023
34.757591247558594
13.132909774780273
20.836896896362305
16.407163619995117
12.939817428588867
13.916439056396484
10.666321754455566
5.600138187408447
12.601916313171387
10.511258125305176
14.238371849060059
18.665075302124023
34.757591247558594
13.132909774780273
20.836896896362305
16.407163619995117
12.939817428588867
13.916570663452148
10.666191101074219
5.600138187408447
12.601754188537598
10.511258125305176
14.238371849060059
18.665075302124023
34.757591247558594
13.132909774780273
20.836896896362305
16.407163619995117
12.939817428588867
13.91670036315918
10.66606330871582
5.600138187408447
12.601594924926758
10.511258125305176
14.238371849060059
18.665075302124023
34.757591247558594
13.132909774780273
20.836896896362305
16.407163619995117
12.939817428588867
13.916828155517578
10.665937423706055
5.600138187408447
12.601438522338867
10.511258125305176
14.238371849060059
18.665075302124023
34.757591247558594
13.132909774780273
20.836896896362305
16.407163619995117
12.939817428588867
13.916954040527344
10.665813446044922
5.600138187408447
12.601284980773926
10.511258125305176
14.238371849060059
18.665075302124023
34.757591247558594
13.132909774780273
20.836896896362305
16.407163619995117
12.939817428588867
13.91707706451416
10.665691375732422
5.600138187408447
12.601134300231934
10.511258125305176
14.238371849060059
18.665075302124023
34.757591247558594
13.132909774780273
20.836896896362305
16.407163619995117
12.939817428588867
13.917198181152344
10.665571212768555
5.600138187408447
12.600985527038574
10.511258125305176
14.238371849060059
18.665075302124023
34.757591247558594
13.132909774780273
20.836896896362305
16.407163619995117
12.939817428588867
13.917317390441895
10.66545295715332
5.600138187408447
12.600839614868164
10.511258125305176
14.238371849060059
18.665075302124023
34.757591247558594
13.132909774780273
20.836896896362305
16.407163619995117
12.939817428588867
13.917434692382812
10.665336608886719
5.600138187408447
12.600695610046387
10.511258125305176
14.238371849060059
18.665075302124023
34.757591247558594
13.132909774780273
20.836896896362305
16.407163619995117
12.939817428588867
13.917550086975098
10.66522216796875
5.600138187408447
12.600554466247559
10.511258125305176
14.238371849060059
18.665075302124023
34.757591247558594
13.132909774780273
20.836896896362305
16.407163619995117
12.939817428588867
13.91766357421875
10.665109634399414
5.600138187408447
12.600415229797363
10.511258125305176
14.238371849060059
18.665075302124023
34.757591247558594
13.132909774780273
20.836896896362305
16.407163619995117
12.939817428588867
13.91777515411377
10.664999008178711
5.600138187408447
12.600278854370117
10.511258125305176
14.238371849060059
18.665075302124023
34.757591247558594
13.132909774780273
20.836896896362305
16.407163619995117
12.939817428588867
13.917884826660156
10.66489028930664
5.600138187408447
12.600144386291504
10.511258125305176
14.238371849060059
18.665075302124023
34.757591247558594
13.132909774780273
20.836896896362305
16.407163619995117
12.939817428588867
13.91799259185791
10.664783477783203
5.600138187408447
12.600011825561523
10.511258125305176
14.238371849060059
18.665075302124023
34.757591247558594
13.132909774780273
20.836896896362305
16.407163619995117
12.939817428588867
13.918098449707031
10.664678573608398
5.600138187408447
12.599882125854492
10.511258125305176
14.238371849060059
18.665075302124023
34.757591247558594
13.132909774780273
20.836896896362305
16.407163619995117
12.939817428588867
13.91820240020752
10.664575576782227
5.600138187408447
12.599754333496094
10.511258125305176
14.238371849060059
18.665075302124023
34.757591247558594
13.132909774780273
20.836896896362305
16.407163619995117
12.939817428588867
13.918305397033691
10.664474487304688
5.600138187408447
12.599628448486328
10.511258125305176
14.238371849060059
18.665075302124023
34.757591247558594
13.132909774780273
20.836896896362305
16.407163619995117
12.939817428588867
13.91840648651123
10.664374351501465
5.600138187408447
12.599504470825195
10.511258125305176
14.238371849060059
18.665075302124023
34.757591247558594
13.132909774780273
20.836896896362305
16.407163619995117
12.939817428588867
13.918505668640137
10.664276123046875
5.600138187408447
12.599383354187012
10.511258125305176
14.238371849060059
18.665075302124023
34.757591247558594
13.132909774780273
20.836896896362305
16.407163619995117
12.939817428588867
13.91860294342041
10.664179801940918
5.600138187408447
12.599264144897461
10.511258125305176
14.238371849060059
18.665075302124023
34.757591247558594
13.132909774780273
20.836896896362305
16.407163619995117
12.939817428588867
13.918699264526367
10.664085388183594
5.600138187408447
12.599146842956543
10.511258125305176
14.238371849060059
18.665075302124023
34.757591247558594
13.132909774780273
20.836896896362305
16.407163619995117
12.939817428588867
13.918793678283691
10.663991928100586
5.600138187408447
12.599031448364258
10.511258125305176
14.238371849060059
18.665075302124023
34.757591247558594
13.132909774780273
20.836896896362305
16.407163619995117
12.939817428588867
13.918886184692383
10.663900375366211
5.600138187408447
12.598917961120605
10.511258125305176
14.238371849060059
18.665075302124023
34.757591247558594
13.132909774780273
20.836896896362305
16.407163619995117
12.939817428588867
13.918977737426758
10.663810729980469
5.600138187408447
12.598806381225586
10.511258125305176
14.238371849060059
18.665075302124023
34.757591247558594
13.132909774780273
20.836896896362305
16.407163619995117
12.939817428588867
13.9190673828125
10.663722038269043
5.600138187408447
12.5986967086792
10.511258125305176
14.238371849060059
18.665075302124023
34.757591247558594
13.132909774780273
20.836896896362305
16.407163619995117
12.939817428588867
13.91915512084961
10.66363525390625
5.600138187408447
12.598588943481445
10.511258125305176
14.238371849060059
18.665075302124023
34.757591247558594
13.132909774780273
20.836896896362305
16.407163619995117
12.939817428588867
13.919241905212402
10.663549423217773
5.600138187408447
12.598483085632324
10.511258125305176
14.238371849060059
18.665075302124023
34.757591247558594
13.132909774780273
20.836896896362305
16.407163619995117
12.939817428588867
13.919326782226562
10.66346549987793
5.600138187408447
12.59837818145752
10.511258125305176
14.238371849060059
18.665075302124023
34.757591247558594
13.132909774780273
20.836896896362305
16.407163619995117
12.939817428588867
13.919410705566406
10.663382530212402
5.600138187408447
12.598275184631348
10.511258125305176
14.238371849060059
18.665075302124023
34.757591247558594
13.132909774780273
20.836896896362305
16.407163619995117
12.939817428588867
13.919492721557617
10.663301467895508
5.600138187408447
12.598174095153809
10.511258125305176
14.238371849060059
18.665075302124023
34.757591247558594
13.132909774780273
20.836896896362305
16.407163619995117
12.939817428588867
13.919573783874512
10.66322135925293
5.600138187408447
12.598174095153809
10.511258125305176
14.238371849060059
18.665075302124023
34.757591247558594
13.132909774780273
20.836896896362305
16.407163619995117
12.939817428588867
13.91965389251709
10.663142204284668
5.600138187408447
12.598174095153809
10.511258125305176
14.238371849060059
18.665075302124023
34.757591247558594
13.132909774780273
20.836896896362305
16.407163619995117
12.939817428588867
13.919732093811035
10.663064956665039
5.600138187408447
12.598174095153809
10.511258125305176
14.238371849060059
18.665075302124023
34.757591247558594
13.132909774780273
20.836896896362305
16.407163619995117
12.939817428588867
13.919809341430664
10.662988662719727
5.600138187408447
12.598174095153809
10.511258125305176
14.238371849060059
18.665075302124023
34.757591247558594
13.132909774780273
20.836896896362305
16.407163619995117
12.939817428588867
13.91988468170166
10.66291332244873
5.600138187408447
12.598174095153809
10.511258125305176
14.238371849060059
18.665075302124023
34.757591247558594
13.132909774780273
20.836896896362305
16.407163619995117
12.939817428588867
13.91995906829834
10.662839889526367
5.600138187408447
12.598174095153809
10.511258125305176
14.238371849060059
18.665075302124023
34.757591247558594
13.132909774780273
20.836896896362305
16.407163619995117
12.939817428588867
13.920032501220703
10.66276741027832
5.600138187408447
12.598174095153809
10.511258125305176
14.238371849060059
18.665075302124023
34.757591247558594
13.132909774780273
20.836896896362305
16.407163619995117
12.939817428588867
13.92010498046875
10.66269588470459
5.600138187408447
12.598174095153809
10.511258125305176
14.238371849060059
